000000000000000000000000000000
000000000000000000000000000000
000000000000000000000000000000
000000000000000000000000000000
000000000000000000000000000000
000000000011110000000000000000
000000001111111100000000000000
000000011111111100000000000000
000000011110001100000000000000
000000011100001100000000000000
000000001100001100000000000000
000000001110011100000000000000
000000001111111000000000000000
000000001111110000000000000000
000000001111100000000000000000
000000001111100000000000000000
000000001111110000000000000000
000000001111111000000000000000
000000001100111000000000000000
000000001100011100000000000000
000000001100001110000000000000
000000001100001110000000000000
000000001100000111000000000000
000000001100000011100000000000
000000001100000011110000000000
000000000000000001110000000000
000000000000000000010000000000
000000000000000000000000000000
000000000000000000000000000000
000000000000000000000000000000
