000000000000000000000000000000
000000000000000000000000000000
000000000000000000000000000000
000000000000000000000000000000
000000000000000000000000000000
000000000000000000000000000000
000000000000000000000000000000
000000000000001100000000000000
000000000000111110000000000000
000000000001111111000000000000
000000000001100011000000000000
000000000000100001000000000000
000000000000100011000000000000
000000000001100111000000000000
000000000001101110000000000000
000000000001111100000000000000
000000000001111000000000000000
000000000001111100000000000000
000000000001101110000000000000
000000000001100111000000000000
000000000001100011100000000000
000000000001100001100000000000
000000000001000000110000000000
000000000001000000010000000000
000000000001000000000000000000
000000000000000000000000000000
000000000000000000000000000000
000000000000000000000000000000
000000000000000000000000000000
000000000000000000000000000000
