000000000000000000000000000000
000000000000000000000000000000
000000000000000000000000000000
000000000000000000000000000000
000000000000000000000000000000
000000000000000000000000000000
000000000000000000000000000000
000000000000000000000000000000
000000000000000000000000000000
000000001000000000000000000000
000000111100000000000000000000
000000111110000000000000000000
000000100110000000000000000000
000000100110000000000000000000
000000101100000000000000000000
000000111100000000000000000000
000000111000000000000000000000
000000111100000000000000000000
000000111110000000000000000000
000000110111000000000000000000
000000110011000000000000000000
000000110000000000000000000000
000000000000000000000000000000
000000000000000000000000000000
000000000000000000000000000000
000000000000000000000000000000
000000000000000000000000000000
000000000000000000000000000000
000000000000000000000000000000
000000000000000000000000000000
