000000000000000000000000000000
000000000000000000000000000000
000000000000000000000000000000
000000000000000000000000000000
000000000000000000000000000000
000000000000000000000000000000
000000000000000000000000000000
000000000000000000000000000000
000000000000111111000000000000
000000000000111111100000000000
000000000000110001100000000000
000000000000100000100000000000
000000000000110000100000000000
000000000000110001100000000000
000000000000110011100000000000
000000000000111111000000000000
000000000001111110000000000000
000000000001111100000000000000
000000000000111110000000000000
000000000000100111000000000000
000000000000100011100000000000
000000000000100000110000000000
000000000000100000011000000000
000000000000100000001100000000
000000000000100000000110000000
000000000000100000000010000000
000000000000100000000000000000
000000000000000000000000000000
000000000000000000000000000000
000000000000000000000000000000
