000000000000000000000000000000
000000000000000000000000000000
000000000000000000000000000000
000000000000000000000000000000
000000000000000000000000000000
000000000000000000000000000000
000000000000000000000000000000
000000000000000000000000000000
000000000000000000000000000000
000000000011110000000000000000
000000000011111000000000000000
000000000011011000000000000000
000000000011001100000000000000
000000000011001100000000000000
000000000011111100000000000000
000000000011111000000000000000
000000000011111000000000000000
000000000011011100000000000000
000000000011000110000000000000
000000000010000110000000000000
000000000000000000000000000000
000000000000000000000000000000
000000000000000000000000000000
000000000000000000000000000000
000000000000000000000000000000
000000000000000000000000000000
000000000000000000000000000000
000000000000000000000000000000
000000000000000000000000000000
000000000000000000000000000000
