000000000000000000000000000000
000000000000000000000000000000
000000000000000000000000000000
000000000011110000000000000000
000000000111111110000000000000
000000000110011111000000000000
000000000110000011110000000000
000000000110000000110000000000
000000000110000000011000000000
000000000110000000011000000000
000000000010000000011000000000
000000000010000000111000000000
000000000010000111110000000000
000000000011111111100000000000
000000000111111100000000000000
000000000011110000000000000000
000000000011111100000000000000
000000000011001110000000000000
000000000011000111000000000000
000000000011000011100000000000
000000000011000001110000000000
000000000011000000111000000000
000000000000000000011000000000
000000000000000000001100000000
000000000000000000001000000000
000000000000000000000000000000
000000000000000000000000000000
000000000000000000000000000000
000000000000000000000000000000
000000000000000000000000000000
