000000000000000000000000000000
000000000000000000000000000000
000000000000000000000000000000
000000000000000000000000000000
000000000000000000000000000000
000000000000000000000000000000
000000000011100000000000000000
000000001111110000000000000000
000000011110111000000000000000
000000011100011000000000000000
000000011100011000000000000000
000000001100011000000000000000
000000001100011000000000000000
000000000100110000000000000000
000000000111110000000000000000
000000000111100000000000000000
000000000111000000000000000000
000000000111100000000000000000
000000000100110000000000000000
000000000100111000000000000000
000000000100011100000000000000
000000001100001100000000000000
000000001100000110000000000000
000000000100000000000000000000
000000000000000000000000000000
000000000000000000000000000000
000000000000000000000000000000
000000000000000000000000000000
000000000000000000000000000000
000000000000000000000000000000
