000000000000000000000000000000
000000000000000000000000000000
000000000000000000000000000000
000000000000000000000000000000
000000000000000000000000000000
000000000000000000000000000000
000000000000000000000000000000
000000000000011000000000000000
000000000001111110000000000000
000000000001110111000000000000
000000000001100011000000000000
000000000001100011000000000000
000000000001100111000000000000
000000000001101110000000000000
000000000001111100000000000000
000000000001110000000000000000
000000000001110000000000000000
000000000001111100000000000000
000000000001001110000000000000
000000000001000111100000000000
000000000001000001110000000000
000000000001000000110000000000
000000000001000000011000000000
000000000001000000000000000000
000000000001000000000000000000
000000000000000000000000000000
000000000000000000000000000000
000000000000000000000000000000
000000000000000000000000000000
000000000000000000000000000000
