000000000000000000000000000000
000000000000000000000000000000
000000000000000000000000000000
000000000000000000000000000000
000000000000000000000000000000
000000000000000000000000000000
000000000000000000000000000000
000000000000011110000000000000
000000000000111111000000000000
000000000000110011000000000000
000000000001100001000000000000
000000000000100001000000000000
000000000000110011000000000000
000000000000110110000000000000
000000000000111100000000000000
000000000001111100000000000000
000000000000111110000000000000
000000000000110111000000000000
000000000000110011000000000000
000000000000110001110000000000
000000000000110000100000000000
000000000000110000000000000000
000000000000000000000000000000
000000000000000000000000000000
000000000000000000000000000000
000000000000000000000000000000
000000000000000000000000000000
000000000000000000000000000000
000000000000000000000000000000
000000000000000000000000000000
