000000000000000000000000000000
000000000000000000000000000000
000000000000000000000000000000
000000000000000000000000000000
000000000000000000000000000000
000000000000000000000000000000
000000000000000000000000000000
000000000000000000000000000000
000000000000000000000000000000
000000000000011110000000000000
000000000000011111000000000000
000000000000011111100000000000
000000000000011001100000000000
000000000000011001100000000000
000000000000011001100000000000
000000000000011011100000000000
000000000000011111100000000000
000000000000011111000000000000
000000000000111110000000000000
000000000000111110000000000000
000000000000111111000000000000
000000000000111011100000000000
000000000000111001110000000000
000000000000111001111000000000
000000000000111000111000000000
000000000000010000011000000000
000000000000000000000000000000
000000000000000000000000000000
000000000000000000000000000000
000000000000000000000000000000
