000000000000000000000000000000
000000000000000000000000000000
000000000000000000000000000000
000000000000000000000000000000
000000000000000000000000000000
000000000000000000000000000000
000000000000000000000000000000
000000000110000000000000000000
000000000110111110000000000000
000000000111111111000000000000
000000000111100011000000000000
000000000111000011000000000000
000000000110000011000000000000
000000000110000011000000000000
000000000110000110000000000000
000000000110001110000000000000
000000000110111100000000000000
000000000111111100000000000000
000000000111111100000000000000
000000000110000110000000000000
000000000110000110000000000000
000000000110000011000000000000
000000000110000011100000000000
000000000110000001100000000000
000000000110000001100000000000
000000000100000000000000000000
000000000000000000000000000000
000000000000000000000000000000
000000000000000000000000000000
000000000000000000000000000000
