000000000000000000000000000000
000000000000000000000000000000
000000000000000000000000000000
000000000000000000000000000000
000000000000000000000000000000
000000000000000000000000000000
000000000000000000000000000000
000000000000000000000000000000
000000000000000000000000000000
000000000000000000000000000000
000000000000001111100000000000
000000000000001111100000000000
000000000000001000110000000000
000000000000001001100000000000
000000000000001011100000000000
000000000000001111000000000000
000000000000001111100000000000
000000000000001001111000000000
000000000000001000111110000000
000000000000001100001110000000
000000000000000000000000000000
000000000000000000000000000000
000000000000000000000000000000
000000000000000000000000000000
000000000000000000000000000000
000000000000000000000000000000
000000000000000000000000000000
000000000000000000000000000000
000000000000000000000000000000
000000000000000000000000000000
