000000000000000000000000000000
000000000000000000000000000000
000000000000000000000000000000
000000000000000000000000000000
000000000000000000000000000000
000000000000000000000000000000
000000000000111111000000000000
000000000001111111000000000000
000000000011100001100000000000
000000000111000001100000000000
000000001111000000100000000000
000000001101000001100000000000
000000001111000001100000000000
000000001111000001100000000000
000000000011000011000000000000
000000000011111110000000000000
000000000011111110000000000000
000000000011111100000000000000
000000000011001110000000000000
000000000011000110000000000000
000000000011000011001000000000
000000000011000001111000000000
000000000011000000110000000000
000000000011000000000000000000
000000000000000000000000000000
000000000000000000000000000000
000000000000000000000000000000
000000000000000000000000000000
000000000000000000000000000000
000000000000000000000000000000
