000000000000000000000000000000
000000000000000000000000000000
000000000000000000000000000000
000000000000000000000000000000
000000000000000000000000000000
000000000000000000000000000000
000000000000011000000000000000
000000000001111110000000000000
000000000011111111000000000000
000000000011000011000000000000
000000000010000001100000000000
000000000010000001100000000000
000000000010000000100000000000
000000000010000001100000000000
000000000011000011100000000000
000000000011111111000000000000
000000000011111110000000000000
000000000011111110000000000000
000000000011000111000000000000
000000000011000011000000000000
000000000011000001100000000000
000000000011000001100000000000
000000000011000000110000000000
000000000011000000110000000000
000000000011000000110000000000
000000000010000000000000000000
000000000000000000000000000000
000000000000000000000000000000
000000000000000000000000000000
000000000000000000000000000000
