000000000000000000000000000000
000000000000000000000000000000
000000000000000000000000000000
000000000000000000000000000000
000000000000000000000000000000
000000000000000000000000000000
000000000000001100000000000000
000000000000111111000000000000
000000000000111111000000000000
000000000000110001000000000000
000000000000110001000000000000
000000000000110011000000000000
000000000000110111000000000000
000000000000111110000000000000
000000000000111100000000000000
000000000000111100000000000000
000000000000110110000000000000
000000000000110011000000000000
000000000000110011100000000000
000000000000100001110000000000
000000000001100000110000000000
000000000000000000010000000000
000000000000000000000000000000
000000000000000000000000000000
000000000000000000000000000000
000000000000000000000000000000
000000000000000000000000000000
000000000000000000000000000000
000000000000000000000000000000
000000000000000000000000000000
