000000000000000000000000000000
000000000000000000000000000000
000000000000000000000000000000
000000000000000000000000000000
000000000000000000000000000000
000000000000000000000000000000
000000000000011100000000000000
000000000001111111000000000000
000000000011110111000000000000
000000000011000001000000000000
000000000011000001100000000000
000000000011000011000000000000
000000000011001111000000000000
000000000001111110000000000000
000000000001111000000000000000
000000000001111100000000000000
000000000001101110000000000000
000000000001100111000000000000
000000000001100011100000000000
000000000001100001100000000000
000000000001100000110000000000
000000000001100000011000000000
000000000000100000001100000000
000000000000100000001100000000
000000000000100000000000000000
000000000000100000000000000000
000000000000000000000000000000
000000000000000000000000000000
000000000000000000000000000000
000000000000000000000000000000
