000000000000000000000000000000
000000000000000000000000000000
000000000000000000000000000000
000000000000000000000000000000
000000000000000000000000000000
000000000000001100000000000000
000000000000011111000000000000
000000000000110011000000000000
000000000000110001000000000000
000000000000100001100000000000
000000000000100001100000000000
000000000000100011000000000000
000000000000100111000000000000
000000000000111111000000000000
000000000000111111000000000000
000000000000100011000000000000
000000000000100001100000000000
000000000000100001100000000000
000000000000100001100000000000
000000000000100000100000000000
000000000000100000000000000000
000000000000000000000000000000
000000000000000000000000000000
000000000000000000000000000000
000000000000000000000000000000
000000000000000000000000000000
000000000000000000000000000000
000000000000000000000000000000
000000000000000000000000000000
000000000000000000000000000000
