000000000000000000000000000000
000000000000000000000000000000
000000000000000000000000000000
000000000000000000000000000000
000000000000000000000000000000
000000000000000000000000000000
000000000000000000000000000000
000000000000000000000000000000
000000000000001100000000000000
000000000001111110000000000000
000000000001111011000000000000
000000000001100011000000000000
000000000001100011000000000000
000000000001100011000000000000
000000000001101110000000000000
000000000001111110000000000000
000000000001111000000000000000
000000000001110000000000000000
000000000001111000000000000000
000000000001101100000000000000
000000000001100110000000000000
000000000001100011000000000000
000000000001100011100000000000
000000000001100001110000000000
000000000000000000110000000000
000000000000000000000000000000
000000000000000000000000000000
000000000000000000000000000000
000000000000000000000000000000
000000000000000000000000000000
