000000000000000000000000000000
000000000000000000000000000000
000000000000000000000000000000
000000000000000000000000000000
000000000000000000000000000000
000000000000000000000000000000
000000000000000000000000000000
000000000000111000000000000000
000000000011111100000000000000
000000000011101110000000000000
000000000011000110000000000000
000000000011000010000000000000
000000000001000010000000000000
000000000001100110000000000000
000000000001101110000000000000
000000000001111100000000000000
000000000001111000000000000000
000000000001110000000000000000
000000000001111000000000000000
000000000001111000000000000000
000000000001101100000000000000
000000000001100111000000000000
000000000001100111100000000000
000000000001100001000000000000
000000000001100000000000000000
000000000000000000000000000000
000000000000000000000000000000
000000000000000000000000000000
000000000000000000000000000000
000000000000000000000000000000
