000000000000000000000000000000
000000000000000000000000000000
000000000000000000000000000000
000000000000000000000000000000
000000000000000000000000000000
000000000000000000000000000000
000000000000000000000000000000
000000000000000100000000000000
000000000000011111100000000000
000000000000011111100000000000
000000000000110000110000000000
000000000000110000110000000000
000000000000110000110000000000
000000000000110000110000000000
000000000000110001100000000000
000000000000111111100000000000
000000000000111111100000000000
000000000000111101100000000000
000000000000110000100000000000
000000000000110000110000000000
000000000000110000110000000000
000000000000110000110000000000
000000000000000000010000000000
000000000000000000000000000000
000000000000000000000000000000
000000000000000000000000000000
000000000000000000000000000000
000000000000000000000000000000
000000000000000000000000000000
000000000000000000000000000000
