000000000000000000000000000000
000000000000000000000000000000
000000000000000000000000000000
000000000000000000000000000000
000000000000000000000000000000
000000000001111100000000000000
000000000111111111000000000000
000000000110000011000000000000
000000000110000001100000000000
000000000110000000100000000000
000000000110000000100000000000
000000000110000000100000000000
000000000010000001100000000000
000000000010000001100000000000
000000000010000011000000000000
000000000010000111000000000000
000000000010001110000000000000
000000000010111100000000000000
000000000011111000000000000000
000000000011111000000000000000
000000000010011100000000000000
000000000010001110000000000000
000000000010000111000000000000
000000000010000011100000000000
000000000010000001110000000000
000000000010000000110000000000
000000000000000000000000000000
000000000000000000000000000000
000000000000000000000000000000
000000000000000000000000000000
