000000000000000000000000000000
000000000000000000000000000000
000000000000000000000000000000
000000000000000000000000000000
000000000000000000000000000000
000000000000000000000000000000
000000000000000000000000000000
000000000000011000000000000000
000000000001111110000000000000
000000000111111111000000000000
000000000111100011000000000000
000000001101100011000000000000
000000000100100111000000000000
000000000000111110000000000000
000000000000111100000000000000
000000000000111100000000000000
000000000000100110000000000000
000000000000100111000000000000
000000000000100011100000000000
000000000001100001110000000000
000000000001100000111000000000
000000000001100000011000000000
000000000000000000000000000000
000000000000000000000000000000
000000000000000000000000000000
000000000000000000000000000000
000000000000000000000000000000
000000000000000000000000000000
000000000000000000000000000000
000000000000000000000000000000
