000000000000000000000000000000
000000000000000000000000000000
000000000000000000000000000000
000000000000000000000000000000
000000000000000000000000000000
000000000000000000000000000000
000000000000000000000000000000
000000000000000000000000000000
000000000000000000000000000000
000000000000000110000000000000
000000000000011111000000000000
000000000000011111000000000000
000000000000010001000000000000
000000000000010011000000000000
000000000000011011000000000000
000000000000011110000000000000
000000000000011110000000000000
000000000000011110000000000000
000000000000010011100000000000
000000000000010001110000000000
000000000000010000110000000000
000000000000000000000000000000
000000000000000000000000000000
000000000000000000000000000000
000000000000000000000000000000
000000000000000000000000000000
000000000000000000000000000000
000000000000000000000000000000
000000000000000000000000000000
000000000000000000000000000000
