000000000000000000000000000000
000000000000000000000000000000
000000000000000000000000000000
000000000000000000000000000000
000000000000000000000000000000
000000000000000000000000000000
000000000000000000000000000000
000000000000000000000000000000
000000000001111000000000000000
000000000001111100000000000000
000000000001101100000000000000
000000000001100100000000000000
000000000001100110000000000000
000000000001100110000000000000
000000000001101100000000000000
000000000001111100000000000000
000000000001111000000000000000
000000000001110000000000000000
000000000001111000000000000000
000000000001011100000000000000
000000000001001111100000000000
000000000001000111100000000000
000000000001000001000000000000
000000000001000000000000000000
000000000000000000000000000000
000000000000000000000000000000
000000000000000000000000000000
000000000000000000000000000000
000000000000000000000000000000
000000000000000000000000000000
