000000000000000000000000000000
000000000000000000000000000000
000000000000000000000000000000
000000000000000000000000000000
000000000000000000000000000000
000000000000000000000000000000
000000000000000000000000000000
000000000000000000000000000000
000000000000001000000000000000
000000000000011100000000000000
000000000000111110000000000000
000000000000110110000000000000
000000000001100110000000000000
000000000001101100000000000000
000000000001111100000000000000
000000000001111000000000000000
000000000001111100000000000000
000000000001111100000000000000
000000000001110110000000000000
000000000001110111000000000000
000000000001110011100000000000
000000000001110001110000000000
000000000000110000110000000000
000000000000110000000000000000
000000000000010000000000000000
000000000000000000000000000000
000000000000000000000000000000
000000000000000000000000000000
000000000000000000000000000000
000000000000000000000000000000
