000000000000000000000000000000
000000000000000000000000000000
000000000000000000000000000000
000000000000000000000000000000
000000000000000000000000000000
000000000000000010000000000000
000000000000001111100000000000
000000000000001111100000000000
000000000000011000110000000000
000000000000011000110000000000
000000000000011000110000000000
000000000000001100110000000000
000000000000001101100000000000
000000000000001111100000000000
000000000000001111100000000000
000000000000000111110000000000
000000000000000100111000000000
000000000000000110001100000000
000000000000000110000000000000
000000000000000110000000000000
000000000000000010000000000000
000000000000000000000000000000
000000000000000000000000000000
000000000000000000000000000000
000000000000000000000000000000
000000000000000000000000000000
000000000000000000000000000000
000000000000000000000000000000
000000000000000000000000000000
000000000000000000000000000000
