000000000000000000000000000000
000000000000000000000000000000
000000000000000000000000000000
000000000000000000000000000000
000000000000000000000000000000
000000000000000000000000000000
000000000000000000000000000000
000000000000001111110000000000
000000000000111111110000000000
000000000001111100011000000000
000000000011101100010000000000
000000000111001101110000000000
000000000110001111100000000000
000000000100001111000000000000
000000000000001110000000000000
000000000000001110000000000000
000000000000011011000000000000
000000000000011001100000000000
000000000000011001100000000000
000000000000010000110000000000
000000000000000000111000000000
000000000000000000010000000000
000000000000000000000000000000
000000000000000000000000000000
000000000000000000000000000000
000000000000000000000000000000
000000000000000000000000000000
000000000000000000000000000000
000000000000000000000000000000
000000000000000000000000000000
