000000000000000000000000000000
000000000000000000000000000000
000000000000000000000000000000
000000000000000000000000000000
000000000000000000000000000000
000000000000000000000000000000
000000000000000111000000000000
000000000000001111100000000000
000000000000011101110000000000
000000000000111000110000000000
000000000000111000011000000000
000000000000111000011000000000
000000000000110000011000000000
000000000000110001111000000000
000000000000111111110000000000
000000000000111111000000000000
000000000000111100000000000000
000000000000110110000000000000
000000000000110011000000000000
000000000000110001100000000000
000000000000110000110000000000
000000000000100000111000000000
000000000000100000011100000000
000000000000100000001100000000
000000000000000000000000000000
000000000000000000000000000000
000000000000000000000000000000
000000000000000000000000000000
000000000000000000000000000000
000000000000000000000000000000
