000000000000000000000000000000
000000000000000000000000000000
000000000000000000000000000000
000000000000000000000000000000
000000000000000000000000000000
000000000000000000000000000000
000000000000001111000000000000
000000000000011111100000000000
000000000000011001100000000000
000000000000010000100000000000
000000000000110001100000000000
000000000000010001100000000000
000000000000110011000000000000
000000000000110011000000000000
000000000000110110000000000000
000000000000111100000000000000
000000000000111100000000000000
000000000000111110000000000000
000000000000110011000000000000
000000000000110001100000000000
000000000000110001100000000000
000000000000110000100000000000
000000000000100000110000000000
000000000000100000110000000000
000000000001100000010000000000
000000000001100000011000000000
000000000000000000011000000000
000000000000000000001000000000
000000000000000000000000000000
000000000000000000000000000000
