000000000000000000000000000000
000000000000000000000000000000
000000000000000000000000000000
000000000000000000000000000000
000000000000000000000000000000
000000000000001000000000000000
000000000000111110000000000000
000000000000111110000000000000
000000000000100010000000000000
000000000001100010000000000000
000000000001100110000000000000
000000000001100110000000000000
000000000001101100000000000000
000000000001111100000000000000
000000000001111000000000000000
000000000001110000000000000000
000000000001111000000000000000
000000000001111100000000000000
000000000011001110000000000000
000000000011000011000000000000
000000000011000001100000000000
000000000011000001110000000000
000000000011000000110000000000
000000000010000000011000000000
000000000000000000000000000000
000000000000000000000000000000
000000000000000000000000000000
000000000000000000000000000000
000000000000000000000000000000
000000000000000000000000000000
