000000000000000000000000000000
000000000000000000000000000000
000000000000000000000000000000
000000000000000000000000000000
000000000000000000000000000000
000000000000000000000000000000
000000000000000000000000000000
000000000000000000000000000000
000000000000001110000000000000
000000000000011111000000000000
000000000000110011000000000000
000000000000110001000000000000
000000000000110011000000000000
000000000000110110000000000000
000000000000111110000000000000
000000000000111100000000000000
000000000000111110000000000000
000000000000110010000000000000
000000000000110011000000000000
000000000000010011110000000000
000000000000010001110000000000
000000000000010000000000000000
000000000000000000000000000000
000000000000000000000000000000
000000000000000000000000000000
000000000000000000000000000000
000000000000000000000000000000
000000000000000000000000000000
000000000000000000000000000000
000000000000000000000000000000
