000000000000000000000000000000
000000000000000000000000000000
000000000000000000000000000000
000000000000000000000000000000
000000000000000000000000000000
000000000000111000000000000000
000000000001111100000000000000
000000000011101100000000000000
000000000011000100000000000000
000000000011001100000000000000
000000000011001100000000000000
000000000001111000000000000000
000000000001110000000000000000
000000000011100000000000000000
000000000011000000000000000000
000000000011000000000000000000
000000000011100000000000000000
000000000011110000000000000000
000000000011111100000000000000
000000000011001110000000000000
000000000011000111000000000000
000000000011000011100100000000
000000000010000001111100000000
000000000010000000111100000000
000000000000000000011000000000
000000000000000000000000000000
000000000000000000000000000000
000000000000000000000000000000
000000000000000000000000000000
000000000000000000000000000000
