000000000000000000000000000000
000000000000000000000000000000
000000000000000000000000000000
000000000000000000000000000000
000000000000000000000000000000
000000000000000000000000000000
000000000000000000000000000000
000000000000001000000000000000
000000000000111110000000000000
000000000001111110000000000000
000000000001100011000000000000
000000000001100011000000000000
000000000001100011000000000000
000000000001100011000000000000
000000000001100110000000000000
000000000001101110000000000000
000000000001111100000000000000
000000000001111100000000000000
000000000001111100000000000000
000000000001100100000000000000
000000000001100110000000000000
000000000001100111100000000000
000000000001100011100000000000
000000000001100011000000000000
000000000001000000000000000000
000000000000000000000000000000
000000000000000000000000000000
000000000000000000000000000000
000000000000000000000000000000
000000000000000000000000000000
