000000000000000000000000000000
000000000000000000000000000000
000000000000000000000000000000
000000000000000000000000000000
000000000000000000000000000000
000000000000111110000000000000
000000000011111111000000000000
000000000011100011100000000000
000000000110110001100000000000
000000000110110001100000000000
000000000000110001100000000000
000000000000110011100000000000
000000000000110111000000000000
000000000000111110000000000000
000000000000111100000000000000
000000000000111110000000000000
000000000000110111000000000000
000000000000110011100000000000
000000000000110001110000000000
000000000000110000011100000000
000000000000010000001110000000
000000000000010000000111000000
000000000000010000000011100000
000000000000010000000001100000
000000000000010000000000000000
000000000000000000000000000000
000000000000000000000000000000
000000000000000000000000000000
000000000000000000000000000000
000000000000000000000000000000
