000000000000000000000000000000
000000000000000000000000000000
000000000000000000000000000000
000000000000000000000000000000
000000000000000000000000000000
000000000000000000000000000000
000000000000000111100000000000
000000000000001111100000000000
000000000000011100110000000000
000000000000011000110000000000
000000000000011000110000000000
000000000000011000110000000000
000000000000011000110000000000
000000000000011000110000000000
000000000000011001100000000000
000000000000011111000000000000
000000000000011111000000000000
000000000000011011100000000000
000000000000011001100000000000
000000000000011000110000000000
000000000000011000110000000000
000000000000011000011000000000
000000000000011000011000000000
000000000000011000001100000000
000000000000010000001100000000
000000000000000000000000000000
000000000000000000000000000000
000000000000000000000000000000
000000000000000000000000000000
000000000000000000000000000000
