000000000000000000000000000000
000000000000000000000000000000
000000000000000000000000000000
000000000000000000000000000000
000000000000000000000000000000
000000000000000000000000000000
000000000000111110000000000000
000000000001111111000000000000
000000000011100011110000000000
000000000011000000110000000000
000000000011000000011000000000
000000000011000000011000000000
000000000011000000010000000000
000000000011000000110000000000
000000000011000001110000000000
000000000011000111100000000000
000000000011111110000000000000
000000000011111100000000000000
000000000011111000000000000000
000000000010011100000000000000
000000000010001111000000000000
000000000010000011110000000000
000000000010000001111100000000
000000000000000000001100000000
000000000000000000000000000000
000000000000000000000000000000
000000000000000000000000000000
000000000000000000000000000000
000000000000000000000000000000
000000000000000000000000000000
