000000000000000000000000000000
000000000000000000000000000000
000000000000000000000000000000
000000000000000000000000000000
000000000000000000000000000000
000000000000000000000000000000
000000000000000000000000000000
000000000000001100000000000000
000000000001111111000000000000
000000000111111111000000000000
000000001111100001000000000000
000000001101100001000000000000
000000001001100011000000000000
000000000001100110000000000000
000000000001101110000000000000
000000000001111100000000000000
000000000001111000000000000000
000000000011110000000000000000
000000000011111000000000000000
000000000011111100000000000000
000000000011001110000000000000
000000000011000111000000000000
000000000011000011100000000000
000000000110000001100000000000
000000000000000000100000000000
000000000000000000000000000000
000000000000000000000000000000
000000000000000000000000000000
000000000000000000000000000000
000000000000000000000000000000
