000000000000000000000000000000
000000000000000000000000000000
000000000000000000000000000000
000000000000000000000000000000
000000000000000000000000000000
000000000000000000000000000000
000000000000000000000000000000
000000000000000000000000000000
000000000000000000000000000000
000000000000001110000000000000
000000000000011110000000000000
000000000000111110000000000000
000000000000110110000000000000
000000000000110110000000000000
000000000000111100000000000000
000000000000111100000000000000
000000000000111100000000000000
000000000000111100010000000000
000000000000110110011000000000
000000000000110110110000000000
000000000000110011110000000000
000000000000110001100000000000
000000000000000000000000000000
000000000000000000000000000000
000000000000000000000000000000
000000000000000000000000000000
000000000000000000000000000000
000000000000000000000000000000
000000000000000000000000000000
000000000000000000000000000000
