000000000000000000000000000000
000000000000000000000000000000
000000000000000000000000000000
000000000000000000000000000000
000000000000000000000000000000
000000000000000000000000000000
000000000000000000000000000000
000000000001100000000000000000
000000000011110000000000000000
000000000011111000000000000000
000000000011111000000000000000
000000000011111000000000000000
000000000011111000000000000000
000000000011111000000000000000
000000000001111000000000000000
000000000001101100000000000000
000000000001000100000000000000
000000000000000000000000000000
000000000000000000000000000000
000000000000000000000000000000
000000000000000000000000000000
000000000000000000000000000000
000000000000000000000000000000
000000000000000000000000000000
000000000000000000000000000000
000000000000000000000000000000
000000000000000000000000000000
000000000000000000000000000000
000000000000000000000000000000
000000000000000000000000000000
