000000000000000000000000000000
000000000000000000000000000000
000000000000000000000000000000
000000000000000000000000000000
000000000000000000000000000000
000000000000111100000000000000
000000000011111110000000000000
000000000011000111000000000000
000000000011000011000000000000
000000000011000001000000000000
000000000011000001000000000000
000000000011000011000000000000
000000000011000011000000000000
000000000011000110000000000000
000000000010011100000000000000
000000000010011000000000000000
000000000010110000000000000000
000000000010110000000000000000
000000000010110000000000000000
000000000110011000000000000000
000000000110011100000000000000
000000000110001110000000000000
000000000110000111000000000000
000000000110000011000000000000
000000000110000001100000000000
000000000000000000100000000000
000000000000000000000000000000
000000000000000000000000000000
000000000000000000000000000000
000000000000000000000000000000
