000000000000000000000000000000
000000000000000000000000000000
000000000000000000000000000000
000000000000000000000000000000
000000000000000000000000000000
000000000000000000000000000000
000000000000000000000000000000
000000000000000000000000000000
000000000000000000000000000000
000000000010000000000000000000
000001000011000000000000000000
000001100010000000000000000000
000000110110000000000000000000
000000110110000000000000000000
000000111100000000000000000000
000000011100000000000000000000
000000011000000000000000000000
000000011000000000000000000000
000000010000000000000000000000
000000110000000000000000000000
000000110000000000000000000000
000000100000000000000000000000
000001100000000000000000000000
000000100000000000000000000000
000000000000000000000000000000
000000000000000000000000000000
000000000000000000000000000000
000000000000000000000000000000
000000000000000000000000000000
000000000000000000000000000000
