000000000000000000000000000000
000000000000000000000000000000
000000000000000000000000000000
000000000000000000000000000000
000000000000000000000000000000
000000000000000000000000000000
000000000000000000000000000000
000000000000000000001000000000
000000000011100000011000000000
000000000001110000111000000000
000000000000110001110000000000
000000000000011001100000000000
000000000000001111000000000000
000000000000001111000000000000
000000000000000110000000000000
000000000000001100000000000000
000000000000001100000000000000
000000000000011000000000000000
000000000000011000000000000000
000000000000110000000000000000
000000000000110000000000000000
000000000001100000000000000000
000000000001000000000000000000
000000000011000000000000000000
000000000011000000000000000000
000000000010000000000000000000
000000000000000000000000000000
000000000000000000000000000000
000000000000000000000000000000
000000000000000000000000000000
