000000000000000000000000000000
000000000000000000000000000000
000000000000000000000000000000
000000000000000000000000000000
000000000000000000000000000000
000000000000000000000000000000
000000000000000000000000000000
000000000000100000000000000000
000000000000110000100000000000
000000000000110001100000000000
000000000000011011100000000000
000000000000011111000000000000
000000000000001110000000000000
000000000000001100000000000000
000000000000001100000000000000
000000000000001100000000000000
000000000000001100000000000000
000000000000001100000000000000
000000000000001100000000000000
000000000000001100000000000000
000000000000001100000000000000
000000000000000000000000000000
000000000000000000000000000000
000000000000000000000000000000
000000000000000000000000000000
000000000000000000000000000000
000000000000000000000000000000
000000000000000000000000000000
000000000000000000000000000000
000000000000000000000000000000
