000000000000000000000000000000
000000000000000000000000000000
000000000000000000000000000000
000000000000000000000000000000
000000000000000000000000000000
000000000000000000000000000000
000000000000000000000000000000
000000000000000000000000000000
000000000010000110000000000000
000000000011000100000000000000
000000000011001100000000000000
000000000001101100000000000000
000000000001111000000000000000
000000000000111000000000000000
000000000000111000000000000000
000000000000110000000000000000
000000000000110000000000000000
000000000000110000000000000000
000000000000100000000000000000
000000000000100000000000000000
000000000001100000000000000000
000000000001100000000000000000
000000000001100000000000000000
000000000001100000000000000000
000000000001000000000000000000
000000000000000000000000000000
000000000000000000000000000000
000000000000000000000000000000
000000000000000000000000000000
000000000000000000000000000000
