000000000000000000000000000000
000000000000000000000000000000
000000000000000000000000000000
000000000000000000000000000000
000000000000000000000000000000
000000000000000000000000000000
000000000000000000000000000000
000000000000000000000000000000
000000000110000011000000000000
000000000011000011000000000000
000000000001100010000000000000
000000000001110010000000000000
000000000000110110000000000000
000000000000011110000000000000
000000000000011110000000000000
000000000000001100000000000000
000000000000000100000000000000
000000000000001100000000000000
000000000000001100000000000000
000000000000001000000000000000
000000000000011000000000000000
000000000000011000000000000000
000000000000000000000000000000
000000000000000000000000000000
000000000000000000000000000000
000000000000000000000000000000
000000000000000000000000000000
000000000000000000000000000000
000000000000000000000000000000
000000000000000000000000000000
