000000000000000000000000000000
000000000000000000000000000000
000000000000000000000000000000
000000000000000000000000000000
000000000000000000000000000000
000000000000000000000000000000
000000000000000000000000000000
000000000000000000000000000000
000000000000000000000000000000
000000000000000000000000000000
000000000000000000000000000000
000000000000000000000000000000
000000000001000110000000000000
000000000001100110000000000000
000000000000110110000000000000
000000000000111110000000000000
000000000000011110000000000000
000000000000001110000000000000
000000000000001100000000000000
000000000000001100000000000000
000000000000001000000000000000
000000000000011000000000000000
000000000000011000000000000000
000000000000011000000000000000
000000000000000000000000000000
000000000000000000000000000000
000000000000000000000000000000
000000000000000000000000000000
000000000000000000000000000000
000000000000000000000000000000
