000000000000000000000000000000
000000000000000000000000000000
000000000000000000000000000000
000000000000000000000000000000
000000000000000000000000000000
000000000000000000000000000000
000000000000000001000000000000
000000000000000011000000000000
000000000001000011000000000000
000000000011100111000000000000
000000000011100111000000000000
000000000001110110000000000000
000000000000111110000000000000
000000000000111110000000000000
000000000000011100000000000000
000000000000011100000000000000
000000000000011100000000000000
000000000000011100000000000000
000000000000011000000000000000
000000000000011000000000000000
000000000000111000000000000000
000000000000110000000000000000
000000000000110000000000000000
000000000000110000000000000000
000000000000100000000000000000
000000000000000000000000000000
000000000000000000000000000000
000000000000000000000000000000
000000000000000000000000000000
000000000000000000000000000000
