000000000000000000000000000000
000000000000000000000000000000
000000000000000000000000000000
000000000000000000000000000000
000000000000000000000000000000
000000000000000000000000000000
000000000000000000000000000000
000000000000000000000000000000
000000000000000000000000000000
000000000000000000000000000000
000000000000001100000110000000
000000000000001110001100000000
000000000000000111001100000000
000000000000000011001100000000
000000000000000001111000000000
000000000000000000111000000000
000000000000000000110000000000
000000000000000000110000000000
000000000000000000110000000000
000000000000000001100000000000
000000000000000001100000000000
000000000000000011000000000000
000000000000000011000000000000
000000000000000011000000000000
000000000000000000000000000000
000000000000000000000000000000
000000000000000000000000000000
000000000000000000000000000000
000000000000000000000000000000
000000000000000000000000000000
