000000000000000000000000000000
000000000000000000000000000000
000000000000000000000000000000
000000000000000000000000000000
000000000000000000000000000000
000000000000000000000000000000
000000000000000000000000000000
000000000000000000000000000000
000000000001000000000000000000
000000000001100000000000000000
000000000001000000000000000000
000000110001000000000000000000
000000111001000000000000000000
000000011101000000000000000000
000000001111000000000000000000
000000000111000000000000000000
000000000011000000000000000000
000000000011000000000000000000
000000000010000000000000000000
000000000010000000000000000000
000000000110000000000000000000
000000000110000000000000000000
000000000100000000000000000000
000000001100000000000000000000
000000001100000000000000000000
000000000000000000000000000000
000000000000000000000000000000
000000000000000000000000000000
000000000000000000000000000000
000000000000000000000000000000
