000000000000000000000000000000
000000000000000000000000000000
000000000000000000000000000000
000000000000000000000000000000
000000000000000000000000000000
000000000000000000000000000000
000000000000000000000000000000
000000000011000000110000000000
000000000011000000110000000000
000000000001100001100000000000
000000000000110001100000000000
000000000000111011000000000000
000000000000011111000000000000
000000000000001110000000000000
000000000000000110000000000000
000000000000000100000000000000
000000000000001100000000000000
000000000000001100000000000000
000000000000011000000000000000
000000000000011000000000000000
000000000000110000000000000000
000000000000110000000000000000
000000000001100000000000000000
000000000001100000000000000000
000000000011000000000000000000
000000000011000000000000000000
000000000010000000000000000000
000000000000000000000000000000
000000000000000000000000000000
000000000000000000000000000000
