000000000000000000000000000000
000000000000000000000000000000
000000000000000000000000000000
000000000000000000000000000000
000000000000000000000000000000
000000000000000000000000000000
000000000000000000000000000000
000000000000000000000000000000
000000000001100011000000000000
000000000001110011000000000000
000000000000111011000000000000
000000000000011111000000000000
000000000000001110000000000000
000000000000001110000000000000
000000000000001100000000000000
000000000000001100000000000000
000000000000001100000000000000
000000000000011000000000000000
000000000000011000000000000000
000000000000110000000000000000
000000000000110000000000000000
000000000001100000000000000000
000000000001100000000000000000
000000000000000000000000000000
000000000000000000000000000000
000000000000000000000000000000
000000000000000000000000000000
000000000000000000000000000000
000000000000000000000000000000
000000000000000000000000000000
