000000000000000000000000000000
000000000000000000000000000000
000000000000000000000000000000
000000000000000000000000000000
000000000000000000000000000000
000000000000000000000000000000
000000000000000000001000000000
000000000000000000011000000000
000000001100000000111000000000
000000001110000001110000000000
000000000111000001100000000000
000000000011100011000000000000
000000000001110011000000000000
000000000000111110000000000000
000000000000011110000000000000
000000000000001110000000000000
000000000000000100000000000000
000000000000000100000000000000
000000000000000100000000000000
000000000000000100000000000000
000000000000000100000000000000
000000000000000100000000000000
000000000000000100000000000000
000000000000000100000000000000
000000000000000100000000000000
000000000000000000000000000000
000000000000000000000000000000
000000000000000000000000000000
000000000000000000000000000000
000000000000000000000000000000
