000000000000000000000000000000
000000000000000000000000000000
000000000000000000000000000000
000000000000000000000000000000
000000000000000000000000000000
000000000000000000000000000000
000000000000000000000000000000
000000000000000000000000000000
000000000000001000000000000000
000000000000001100011000000000
000000000000001100011000000000
000000000000000110010000000000
000000000000000011110000000000
000000000000000011110000000000
000000000000000001100000000000
000000000000000001100000000000
000000000000000001100000000000
000000000000000001000000000000
000000000000000011000000000000
000000000000000011000000000000
000000000000000011000000000000
000000000000000011000000000000
000000000000000010000000000000
000000000000000000000000000000
000000000000000000000000000000
000000000000000000000000000000
000000000000000000000000000000
000000000000000000000000000000
000000000000000000000000000000
000000000000000000000000000000
