000000000000000000000000000000
000000000000000000000000000000
000000000000000000000000000000
000000000000000000000000000000
000000000000000000000000000000
000000000000000000000000000000
000000000000000000000000000000
000000000000000000000000000000
000000000000000000000000000000
000000000000000000000000000000
000000000000011001000000000000
000000000000011011000000000000
000000000000001111000000000000
000000000000001110000000000000
000000000000000110000000000000
000000000000000110000000000000
000000000000000110000000000000
000000000000000110000000000000
000000000000000110000000000000
000000000000000110000000000000
000000000000000100000000000000
000000000000000000000000000000
000000000000000000000000000000
000000000000000000000000000000
000000000000000000000000000000
000000000000000000000000000000
000000000000000000000000000000
000000000000000000000000000000
000000000000000000000000000000
000000000000000000000000000000
