000000000000000000000000000000
000000000000000000000000000000
000000000000000000000000000000
000000000000000000000000000000
000000000000000000000000000000
000000000000000000000000000000
000000000000000000000000000000
000000000000000000000000000000
000000000000000000000000000000
000000000011000001100000000000
000000000011000001100000000000
000000000001100001000000000000
000000000001100011000000000000
000000000000110011000000000000
000000000000110010000000000000
000000000000011110000000000000
000000000000011110000000000000
000000000000001100000000000000
000000000000001100000000000000
000000000000011000000000000000
000000000000011000000000000000
000000000000010000000000000000
000000000000110000000000000000
000000000000110000000000000000
000000000000100000000000000000
000000000000000000000000000000
000000000000000000000000000000
000000000000000000000000000000
000000000000000000000000000000
000000000000000000000000000000
