000000000000000000000000000000
000000000000000000000000000000
000000000000000000000000000000
000000000000000000000000000000
000000000000000000000000000000
000000000000000000000000000000
000000000000000000110000000000
000000000000001000110000000000
000000000000001100110000000000
000000000000001100110000000000
000000000000001100110000000000
000000000000000111110000000000
000000000000000111100000000000
000000000000000001100000000000
000000000000000000100000000000
000000000000000000100000000000
000000000000000001100000000000
000000000000000001100000000000
000000000000000001100000000000
000000000000000001100000000000
000000000000000001100000000000
000000000000000001100000000000
000000000000000001100000000000
000000000000000000000000000000
000000000000000000000000000000
000000000000000000000000000000
000000000000000000000000000000
000000000000000000000000000000
000000000000000000000000000000
000000000000000000000000000000
