000000000000000000000000000000
000000000000000000000000000000
000000000000000000000000000000
000000000000000000000000000000
000000000000000000000000000000
000000000000000000000000000000
000000000000000000000000000000
000000000000000000000000000000
000000000000011000010000000000
000000000000011100010000000000
000000000000001100110000000000
000000000000000110110000000000
000000000000000111100000000000
000000000000000011100000000000
000000000000000011100000000000
000000000000000011000000000000
000000000000000011000000000000
000000000000000110000000000000
000000000000000110000000000000
000000000000001100000000000000
000000000000001100000000000000
000000000000011000000000000000
000000000000000000000000000000
000000000000000000000000000000
000000000000000000000000000000
000000000000000000000000000000
000000000000000000000000000000
000000000000000000000000000000
000000000000000000000000000000
000000000000000000000000000000
