000000000000000000000000000000
000000000000000000000000000000
000000000000000000000000000000
000000000000000000000000000000
000000000000000000000000000000
000000000000000000000000000000
000000000000000000000000000000
000000000000000000000000000000
000000000110000000100000000000
000000000110000001100000000000
000000000011000011000000000000
000000000001100110000000000000
000000000000111110000000000000
000000000000011100000000000000
000000000000011100000000000000
000000000000011000000000000000
000000000000011000000000000000
000000000000011000000000000000
000000000000001000000000000000
000000000000001000000000000000
000000000000001000000000000000
000000000000001000000000000000
000000000000001100000000000000
000000000000001000000000000000
000000000000000000000000000000
000000000000000000000000000000
000000000000000000000000000000
000000000000000000000000000000
000000000000000000000000000000
000000000000000000000000000000
