000000000000000000000000000000
000000000000000000000000000000
000000000000000000000000000000
000000000000000000000000000000
000000000000000000000000000000
000000000000000000000000000000
000000000000000000001000000000
000000000010000000011000000000
000000000011100000011000000000
000000000001100000010000000000
000000000000110000110000000000
000000000000011000110000000000
000000000000011101100000000000
000000000000001101100000000000
000000000000000111100000000000
000000000000000011000000000000
000000000000000011000000000000
000000000000000011100000000000
000000000000000011100000000000
000000000000000001100000000000
000000000000000001100000000000
000000000000000001100000000000
000000000000000001100000000000
000000000000000001100000000000
000000000000000001000000000000
000000000000000001100000000000
000000000000000001100000000000
000000000000000001000000000000
000000000000000000000000000000
000000000000000000000000000000
