000000000000000000000000000000
000000000000000000000000000000
000000000000000000000000000000
000000000000000000000000000000
000000000000000000000000000000
000000000000000001000000000000
000000000000000001000000000000
000000000010000011000000000000
000000000011000011000000000000
000000000011000110000000000000
000000000001100110000000000000
000000000001101100000000000000
000000000001111100000000000000
000000000000111000000000000000
000000000000111000000000000000
000000000000110000000000000000
000000000000010000000000000000
000000000000010000000000000000
000000000000010000000000000000
000000000000010000000000000000
000000000000010000000000000000
000000000000010000000000000000
000000000000010000000000000000
000000000000000000000000000000
000000000000000000000000000000
000000000000000000000000000000
000000000000000000000000000000
000000000000000000000000000000
000000000000000000000000000000
000000000000000000000000000000
