000000000000000000000000000000
000000000000000000000000000000
000000000000000000000000000000
000000000000000000000000000000
000000000000000000000000000000
000000000000000000000000000000
000000000000000001100000000000
000000000000010011000000000000
000000000000011011000000000000
000000000000011010000000000000
000000000000011110000000000000
000000000000001110000000000000
000000000000001100000000000000
000000000000001100000000000000
000000000000001100000000000000
000000000000001100000000000000
000000000000001100000000000000
000000000000000100000000000000
000000000000000100000000000000
000000000000000000000000000000
000000000000000000000000000000
000000000000000000000000000000
000000000000000000000000000000
000000000000000000000000000000
000000000000000000000000000000
000000000000000000000000000000
000000000000000000000000000000
000000000000000000000000000000
000000000000000000000000000000
000000000000000000000000000000
