000000000000000000000000000000
000000000000000000000000000000
000000000000000000000000000000
000000000000000000000000000000
000000000000000000000000000000
000000000000000000000000000000
000000000000000000000000000000
000000000000000000000000000000
000000000000000000000000000000
000000000000110000100000000000
000000000000011001100000000000
000000000000011001100000000000
000000000000001101100000000000
000000000000001111000000000000
000000000000000111000000000000
000000000000000011000000000000
000000000000000011000000000000
000000000000000010000000000000
000000000000000010000000000000
000000000000000110000000000000
000000000000000110000000000000
000000000000000110000000000000
000000000000000000000000000000
000000000000000000000000000000
000000000000000000000000000000
000000000000000000000000000000
000000000000000000000000000000
000000000000000000000000000000
000000000000000000000000000000
000000000000000000000000000000
