000000000000000000000000000000
000000000000000000000000000000
000000000000000000000000000000
000000000000000000000000000000
000000000000000000001000000000
000000000001100000011000000000
000000000001100000011000000000
000000000001100000110000000000
000000000001100001100000000000
000000000001100001100000000000
000000000001100011000000000000
000000000001100011000000000000
000000000001100110000000000000
000000000000100110000000000000
000000000000111100000000000000
000000000000111100000000000000
000000000000111000000000000000
000000000000011000000000000000
000000000000011000000000000000
000000000000011000000000000000
000000000000011000000000000000
000000000000011000000000000000
000000000000011000000000000000
000000000000010000000000000000
000000000000010000000000000000
000000000000110000000000000000
000000000000110000000000000000
000000000000010000000000000000
000000000000000000000000000000
000000000000000000000000000000
