000000000000000000000000000000
000000000000000000000000000000
000000000000000000000000000000
000000000000000000000000000000
000000000000000000000000000000
000000000000000000000000000000
000000000000000000000000000000
000000000000001111100000000000
000000000000111111110000000000
000000000000111101110000000000
000000000000000001100000000000
000000000000000011000000000000
000000000000000011000000000000
000000000000000110000000000000
000000000000000110000000000000
000000000000001100000000000000
000000000000001100000000000000
000000000000011000000000000000
000000000000011000000000000000
000000000000110011110000000000
000000000000111111100000000000
000000000000111110000000000000
000000000000110000000000000000
000000000000000000000000000000
000000000000000000000000000000
000000000000000000000000000000
000000000000000000000000000000
000000000000000000000000000000
000000000000000000000000000000
000000000000000000000000000000
