000000000000000000000000000000
000000000000000000000000000000
000000000000000000000000000000
000000000000000000000000000000
000000000000000000000000000000
000000000000000000000000000000
000000000000000000000000000000
000000000011001100000000000000
000000000011111110000000000000
000000000011111110000000000000
000000000011001100000000000000
000000000010011000000000000000
000000000000011000000000000000
000000000000110000000000000000
000000000000110000000000000000
000000000000110000000000000000
000000000001100000000000000000
000000000001100000000000000000
000000000011111111100000000000
000000000011111111100000000000
000000000011000000000000000000
000000000000000000000000000000
000000000000000000000000000000
000000000000000000000000000000
000000000000000000000000000000
000000000000000000000000000000
000000000000000000000000000000
000000000000000000000000000000
000000000000000000000000000000
000000000000000000000000000000
