000000000000000000000000000000
000000000000000000000000000000
000000000000000000000000000000
000000000000000000000000000000
000000000000000000000000000000
000000000000000000000000000000
000000000000000000000000000000
000000000000000000000000000000
000000000000000000000000000000
000000000001111111000000000000
000000000001111111000000000000
000000000000000110000000000000
000000000000000110000000000000
000000000000001100000000000000
000000000000011100000000000000
000000000000011000000000000000
000000000000110000000000000000
000000000001110000000000000000
000000000001100001100000000000
000000000011111111100000000000
000000000011111111000000000000
000000000011100000000000000000
000000000000000000000000000000
000000000000000000000000000000
000000000000000000000000000000
000000000000000000000000000000
000000000000000000000000000000
000000000000000000000000000000
000000000000000000000000000000
000000000000000000000000000000
