000000000000000000000000000000
000000000000000000000000000000
000000000000000000000000000000
000000000000000000000000000000
000000000000000000000000000000
000000000000000000000000000000
000000000000000000000000000000
000000000000000000000000000000
000000000000000000000000000000
000000000001111111100000000000
000000000001111111110000000000
000000000001111111100000000000
000000000000000111000000000000
000000000000000111000000000000
000000000000001110000000000000
000000000000011100000000000000
000000000000011100000000000000
000000000000111000000000000000
000000000001110000000000000000
000000000001110000000000000000
000000000011100001000000000000
000000000011111111111000000000
000000000011111111111000000000
000000000011111100010000000000
000000000000000000000000000000
000000000000000000000000000000
000000000000000000000000000000
000000000000000000000000000000
000000000000000000000000000000
000000000000000000000000000000
