000000000000000000000000000000
000000000000000000000000000000
000000000000000000000000000000
000000000000000000000000000000
000000000000000000000000000000
000000000000000000000000000000
000000000011100011000000000000
000000000111111111100000000000
000000000011111111100000000000
000000000000000011000000000000
000000000000000011000000000000
000000000000000110000000000000
000000000000000110000000000000
000000000000001100000000000000
000000000001111110000000000000
000000000001111110000000000000
000000000000110000000000000000
000000000000110000000000000000
000000000001100000000000000000
000000000011100000000000000000
000000000011000000000000000000
000000000110000000011000000000
000000001111111111111000000000
000000001111111111110000000000
000000001000000000000000000000
000000000000000000000000000000
000000000000000000000000000000
000000000000000000000000000000
000000000000000000000000000000
000000000000000000000000000000
