000000000000000000000000000000
000000000000000000000000000000
000000000000000000000000000000
000000000000000000000000000000
000000000000000000000000000000
000000000000000000000000000000
000000000000000000000000000000
000000000000000000000000000000
000000000000000000000000000000
000000000000000000000000000000
000000000000000000000000000000
000000000000001001000000000000
000000000000011111110000000000
000000000000001111110000000000
000000000000000001110000000000
000000000000000001100000000000
000000000000000011000000000000
000000000000000111000000000000
000000000000000110000000000000
000000000000001100000000000000
000000000000011000001100000000
000000000000011011111100000000
000000000000111111111000000000
000000000000111110000000000000
000000000000110000000000000000
000000000000000000000000000000
000000000000000000000000000000
000000000000000000000000000000
000000000000000000000000000000
000000000000000000000000000000
