000000000000000000000000000000
000000000000000000000000000000
000000000000000000000000000000
000000000000000000000000000000
000000000000000000000000000000
000000000000000000000000000000
000000000000000000000000000000
000000000000000000000000000000
000000000000001110000000000000
000000001111111111000000000000
000000011111111111100000000000
000000001100000111000000000000
000000000000001110000000000000
000000000000011100000000000000
000000000000111000000000000000
000000000001110000000000000000
000000000011100000000000000000
000000000111000000000000000000
000000001110000000000000000000
000000011100000011100000000000
000000111001111111100000000000
000000111111111110000000000000
000001111111000000000000000000
000000111000000000000000000000
000000000000000000000000000000
000000000000000000000000000000
000000000000000000000000000000
000000000000000000000000000000
000000000000000000000000000000
000000000000000000000000000000
