000000000000000000000000000000
000000000000000000000000000000
000000000000000000000000000000
000000000000000000000000000000
000000000000000000000000000000
000000000000000000000000000000
000000000000000000000000000000
000000000000000000000000000000
000000000000000000000000000000
000000000000000000000000000000
000000000001111111000000000000
000000000011111111000000000000
000000000000000110000000000000
000000000000000100000000000000
000000000000001100000000000000
000000000000001000000000000000
000000000000011000000000000000
000000000000110000000000000000
000000000000110000000000000000
000000000000100000000000000000
000000000001100000010000000000
000000000001111111110000000000
000000000011111111110000000000
000000000011000000000000000000
000000000000000000000000000000
000000000000000000000000000000
000000000000000000000000000000
000000000000000000000000000000
000000000000000000000000000000
000000000000000000000000000000
