000000000000000000000000000000
000000000000000000000000000000
000000000000000000000000000000
000000000000000000000000000000
000000000000000000000000000000
000000000000000000000000000000
000000000000000110000000000000
000000000011111111000000000000
000000000011111111000000000000
000000000011000011000000000000
000000000000000011000000000000
000000000000000110000000000000
000000000000000110000000000000
000000000000001100000000000000
000000000000001100000000000000
000000000000011000000000000000
000000000000011000000000000000
000000000000110000000000000000
000000000001110000000000000000
000000000001100000000000000000
000000000011000000010000000000
000000000011000111111000000000
000000000110011111110000000000
000000000111111100000000000000
000000000111100000000000000000
000000000010000000000000000000
000000000000000000000000000000
000000000000000000000000000000
000000000000000000000000000000
000000000000000000000000000000
