000000000000000000000000000000
000000000000000000000000000000
000000000000000000000000000000
000000000000000000000000000000
000000000000000000000000000000
000000000000000000000000000000
000000000000000000000000000000
000000000000000000000000000000
000000000000000000000000000000
000000000000000111100000000000
000000000000011111100000000000
000000000000111001100000000000
000000000000110001100000000000
000000000000000011000000000000
000000000000000011000000000000
000000000000000110000000000000
000000000000000110000110000000
000000000000001100001110000000
000000000000001100111100000000
000000000000011001110000000000
000000000000011111100000000000
000000000000011110000000000000
000000000000011100000000000000
000000000000000000000000000000
000000000000000000000000000000
000000000000000000000000000000
000000000000000000000000000000
000000000000000000000000000000
000000000000000000000000000000
000000000000000000000000000000
