000000000000000000000000000000
000000000000000000000000000000
000000000000000000000000000000
000000000000000000000000000000
000000000000000000000000000000
000000000000000000000000000000
000000000000000000000000000000
000000000000000000000000000000
000000000000000111110000000000
000000000000011111110000000000
000000000000011111100000000000
000000000000000111000000000000
000000000000000110000000000000
000000000000001100000000000000
000000000000011000000000000000
000000000000111000000000000000
000000000000111110011100000000
000000000001111111111000000000
000000000000100011110000000000
000000000000000000000000000000
000000000000000000000000000000
000000000000000000000000000000
000000000000000000000000000000
000000000000000000000000000000
000000000000000000000000000000
000000000000000000000000000000
000000000000000000000000000000
000000000000000000000000000000
000000000000000000000000000000
000000000000000000000000000000
