000000000000000000000000000000
000000000000000000000000000000
000000000000000000000000000000
000000000000000000000000000000
000000000000000000000000000000
000000000000000000000000000000
000000000000000000000000000000
000000000000000000000000000000
000000000000111111100000000000
000000001111111111110000000000
000000001111100000110000000000
000000000000000000110000000000
000000000000000001100000000000
000000000000000011100000000000
000000000000011111110000000000
000000000000011111110000000000
000000000000011100000000000000
000000000000111000000000000000
000000000000110000000000000000
000000000001100000000000000000
000000000011000000011110000000
000000000011011111111110000000
000000000011111111111000000000
000000000001111000000000000000
000000000000000000000000000000
000000000000000000000000000000
000000000000000000000000000000
000000000000000000000000000000
000000000000000000000000000000
000000000000000000000000000000
