000000000000000000000000000000
000000000000000000000000000000
000000000000000000000000000000
000000000000000000000000000000
000000000000000000000000000000
000000000000000000000000000000
000000000000000000000000000000
000000000000000000000000000000
000000000000111111000000000000
000000000001111111000000000000
000000000000100110000000000000
000000000000000110000000000000
000000000000001100000000000000
000000000000001100000000000000
000000000000001000000000000000
000000000000011000000000000000
000000000000011000000000000000
000000000000110000000000000000
000000000000110111110000000000
000000000000111111110000000000
000000000001111110000000000000
000000000001100000000000000000
000000000000000000000000000000
000000000000000000000000000000
000000000000000000000000000000
000000000000000000000000000000
000000000000000000000000000000
000000000000000000000000000000
000000000000000000000000000000
000000000000000000000000000000
