000000000000000000000000000000
000000000000000000000000000000
000000000000000000010000000000
000000000000000000011000000000
000000000000000000011000000000
000000000000000000000000000000
000000000000000000000000000000
000000000000000000000000000000
000000011111111110000000000000
000000111111111111000000000000
000000010000000011000000000000
000000000000000110000000000000
000000000000001110000000000000
000000000000011100000000000000
000000000000111000000000000000
000000000001110000000000000000
000000000011100000000000000000
000000000111000000000000000000
000000001110000000000000000000
000000011100000000111000000000
000000111000001111111000000000
000001110011111111100000000000
000001111111111000000000000000
000011111110000000000000000000
000001110000000000000000000000
000000000000000000000000000000
000000000000000000000000000000
000000000000000000000000000000
000000000000000000000000000000
000000000000000000000000000000
