000000000000000000000000000000
000000000000000000000000000000
000000000000000000000000000000
000000000000000000000000000000
000000000000000000000000000000
000000000001111111110000000000
000000000001111111110000000000
000000000000000001100000000000
000000000000000001100000000000
000000000000000011000000000000
000000000000000011000000000000
000000000000000110000000000000
000000000000000110000000000000
000000000000000110000000000000
000000000000001100000000000000
000000000000001100000000000000
000000000000001000000000000000
000000000000011000000000000000
000000000000011000000000000000
000000000000110000000000000000
000000000000110000000000000000
000000000001100000000000000000
000000000001100111111111000000
000000000011111111111110000000
000000000011111110000000000000
000000000000000000000000000000
000000000000000000000000000000
000000000000000000000000000000
000000000000000000000000000000
000000000000000000000000000000
