000000000000000000000000000000
000000000000000000000000000000
000000000000000000000000000000
000000000000000000000000000000
000000000000000000000000000000
000000000000001111111000000000
000000000011111111111000000000
000000000011111000011000000000
000000000000000000011000000000
000000000000000000110000000000
000000000000000001110000000000
000000000000000011100000000000
000000000000000011000000000000
000000000000000110000000000000
000000000000011110000000000000
000000000000011110000000000000
000000000000011100000000000000
000000000000110000000000000000
000000000001100000000000000000
000000000001100000110000000000
000000000011000111110000000000
000000000011011111100000000000
000000000011111100000000000000
000000000011100000000000000000
000000000000000000000000000000
000000000000000000000000000000
000000000000000000000000000000
000000000000000000000000000000
000000000000000000000000000000
000000000000000000000000000000
