000000000000000000000000000000
000000000000000000000000000000
000000000000000000000000000000
000000000000000000000000000000
000000000000000000000000000000
000000000000000000000000000000
000000000100000000000000000000
000000000110000000000000000000
000000000110000000000000000000
000000001110000000000000000000
000000001110000000000000000000
000000001100000000000000000000
000000001100000000000000000000
000000001100000000000000000000
000000001100000000000000000000
000000011100000000000000000000
000000011100000000000000000000
000000011000000000000000000000
000000011000000000000000000000
000000011000000000000000000000
000000011000000000000000000000
000000011000000000000000000000
000000011000000000000000000000
000000011111111110000000000000
000000011111111110000000000000
000000001111111110000000000000
000000000000000000000000000000
000000000000000000000000000000
000000000000000000000000000000
000000000000000000000000000000
