000000000000000000000000000000
000000000000000000000000000000
000000000000000000000000000000
000000000000000000000000000000
000000000000000000000000000000
000000000000000000000000000000
000000000000000000000000000000
000000000000000000000000000000
000000000000000000000000000000
000000000000000000000000000000
000000000000100000000000000000
000000000000100000000000000000
000000000000100000000000000000
000000000000100000000000000000
000000000001100000000000000000
000000000001100000000000000000
000000000001100000000000000000
000000000001100000000000000000
000000000001100000000000000000
000000000001100000000000000000
000000000001000000000000000000
000000000001000011000000000000
000000000001111111100000000000
000000000001111110000000000000
000000000000100000000000000000
000000000000000000000000000000
000000000000000000000000000000
000000000000000000000000000000
000000000000000000000000000000
000000000000000000000000000000
