000000000000000000000000000000
000000000000000000000000000000
000000000000000000000000000000
000000000000000000000000000000
000000000000000000000000000000
000000000000000000000000000000
000000000000000000000000000000
000000000000000000000000000000
000000000000000000000000000000
000000000000000000000000000000
000000000000000000000000000000
000000011000000000000000000000
000000011000000000000000000000
000000011000000000000000000000
000000011000000000000000000000
000000011000000000000000000000
000000011000000000000000000000
000000011000000000000000000000
000000011000000000000000000000
000000011000110000000000000000
000000011011110000000000000000
000000011111100000000000000000
000000011100000000000000000000
000000001000000000000000000000
000000000000000000000000000000
000000000000000000000000000000
000000000000000000000000000000
000000000000000000000000000000
000000000000000000000000000000
000000000000000000000000000000
