000000000000000000000000000000
000000000000000000000000000000
000000000000000000000000000000
000000000000000000000000000000
000000000000000000000000000000
000000000000000000000000000000
000000000000000000000000000000
000000000000000000000000000000
000000000000000000000000000000
000000000010000000000000000000
000000000011000000000000000000
000000000011000000000000000000
000000000011000000000000000000
000000000011000000000000000000
000000000011000000000000000000
000000000011000000000000000000
000000000011000000000000000000
000000000011000000000000000000
000000000010000000000000000000
000000000011111100000000000000
000000000011111110000000000000
000000000001001000000000000000
000000000000000000000000000000
000000000000000000000000000000
000000000000000000000000000000
000000000000000000000000000000
000000000000000000000000000000
000000000000000000000000000000
000000000000000000000000000000
000000000000000000000000000000
