000000000000000000000000000000
000000000000000000000000000000
000000000000000000000000000000
000000000000000000000000000000
000000000000000000000000000000
000000000000000000000000000000
000000000000000000000000000000
000000000110000000000000000000
000000000110000000000000000000
000000000110000000000000000000
000000000110000000000000000000
000000000110000000000000000000
000000000110000000000000000000
000000000110000000000000000000
000000000100000000000000000000
000000000100000000000000000000
000000001100000000000000000000
000000001100000000000000000000
000000001100000000000000000000
000000001000000000000000000000
000000001000000000000000000000
000000011000000000000000000000
000000011000000000000000000000
000000011000000000000000000000
000000011000011110000000000000
000000011111111110000000000000
000000001111111100000000000000
000000000000000000000000000000
000000000000000000000000000000
000000000000000000000000000000
