000000000000000000000000000000
000000000000000000000000000000
000000000000000000000000000000
000000000000000000000000000000
000000000000000000000000000000
000000000000000000000000000000
000000000011000000000000000000
000000000011000000000000000000
000000000011000000000000000000
000000000011000000000000000000
000000000011000000000000000000
000000000011000000000000000000
000000000001000000000000000000
000000000001000000000000000000
000000000001000000000000000000
000000000001000000000000000000
000000000001000000000000000000
000000000001000000000000000000
000000000001000000000000000000
000000000001000000000000000000
000000000001000001000000000000
000000000011111111000000000000
000000000011111111000000000000
000000000001000000000000000000
000000000000000000000000000000
000000000000000000000000000000
000000000000000000000000000000
000000000000000000000000000000
000000000000000000000000000000
000000000000000000000000000000
