000000000000000000000000000000
000000000000000000000000000000
000000000000000000000000000000
000000000000000000000000000000
000000000000000000000000000000
000000000000000000000000000000
000000000000000000000000000000
000000000000000000000000000000
000000000000000000000000000000
000000000000001000000000000000
000000000000011000000000000000
000000000000011000000000000000
000000000000011000000000000000
000000000000011000000000000000
000000000000011000000000000000
000000000000001000000000000000
000000000000001000000000000000
000000000000001000000000000000
000000000000001000000000000000
000000000000001000000000000000
000000000000001000000000000000
000000000000011111100000000000
000000000000111111100000000000
000000000000111100000000000000
000000000000000000000000000000
000000000000000000000000000000
000000000000000000000000000000
000000000000000000000000000000
000000000000000000000000000000
000000000000000000000000000000
