000000000000000000000000000000
000000000000000000000000000000
000000000000000000000000000000
000000000000000000000000000000
000000000000000000000000000000
000000000000000000000000000000
000000000000000000000000000000
000000000000000000000000000000
000000000000110000000000000000
000000000000110000000000000000
000000000000110000000000000000
000000000000110000000000000000
000000000000110000000000000000
000000000000110000000000000000
000000000000110000000000000000
000000000000110000000000000000
000000000000110000000000000000
000000000000110000000000000000
000000000000110000000000000000
000000000000110000000000000000
000000000000110000000000000000
000000000000111111100000000000
000000000000111111100000000000
000000000000111111000000000000
000000000000000000000000000000
000000000000000000000000000000
000000000000000000000000000000
000000000000000000000000000000
000000000000000000000000000000
000000000000000000000000000000
