000000000000000000000000000000
000000000000000000000000000000
000000000000000000000000000000
000000000000000000000000000000
000000000000000000000000000000
000000000000000000000000000000
000000000000000000000000000000
000000000000000000000000000000
000000000000000000000000000000
000000000000001000000000000000
000000000000011000000000000000
000000000000011000000000000000
000000000000011000000000000000
000000000000011000000000000000
000000000000011000000000000000
000000000000011000000000000000
000000000000011000000000000000
000000000000010000000000000000
000000000000010000000000000000
000000000000010001111000000000
000000000000111111111000000000
000000000000011110000000000000
000000000000000000000000000000
000000000000000000000000000000
000000000000000000000000000000
000000000000000000000000000000
000000000000000000000000000000
000000000000000000000000000000
000000000000000000000000000000
000000000000000000000000000000
