000000000000000000000000000000
000000000000000000000000000000
000000000000000000000000000000
000000000000000000000000000000
000000000000000000000000000000
000000000000000000000000000000
000000000000000000000000000000
000000000000000000000000000000
000000000001000000000000000000
000000000001000000000000000000
000000000001000000000000000000
000000000001000000000000000000
000000000001000000000000000000
000000000001000000000000000000
000000000001000000000000000000
000000000001000000000000000000
000000000001000000000000000000
000000000001000000000000000000
000000000001000000000000000000
000000000001000000000000000000
000000000001000000000000000000
000000000001101110000000000000
000000000011111111110000000000
000000000011111111110000000000
000000000000000000000000000000
000000000000000000000000000000
000000000000000000000000000000
000000000000000000000000000000
000000000000000000000000000000
000000000000000000000000000000
