000000000000000000000000000000
000000000000000000000000000000
000000000000000000000000000000
000000000000000000000000000000
000000000000000000000000000000
000000000000000000000000000000
000000000000000000000000000000
000000000000100000000000000000
000000000000100000000000000000
000000000000100000000000000000
000000000000110000000000000000
000000000000110000000000000000
000000000000110000000000000000
000000000000110000000000000000
000000000000110000000000000000
000000000000110000000000000000
000000000000110000000000000000
000000000000110000000000000000
000000000000110000000000000000
000000000000110000000000000000
000000000000110011111000000000
000000000000111111111000000000
000000000000111111000000000000
000000000000000000000000000000
000000000000000000000000000000
000000000000000000000000000000
000000000000000000000000000000
000000000000000000000000000000
000000000000000000000000000000
000000000000000000000000000000
