000000000000000000000000000000
000000000000000000000000000000
000000000000000000000000000000
000000000000000000000000000000
000000000000000000000000000000
000000000000000000000000000000
000000000000000000000000000000
000000000011000000000000000000
000000000011000000000000000000
000000000011000000000000000000
000000000011000000000000000000
000000000011000000000000000000
000000000011000000000000000000
000000000011000000000000000000
000000000011000000000000000000
000000000010000000000000000000
000000000010000000000000000000
000000000010000000000000000000
000000000110000000000000000000
000000000110000000000000000000
000000000110001100000000000000
000000000111111111100000000000
000000000111111111100000000000
000000000000000000000000000000
000000000000000000000000000000
000000000000000000000000000000
000000000000000000000000000000
000000000000000000000000000000
000000000000000000000000000000
000000000000000000000000000000
