000000000000000000000000000000
000000000000000000000000000000
000000000000000000000000000000
000000000000000000000000000000
000000000000000000000000000000
000000000000000000000000000000
000000000000000000000000000000
000000000000100000000000000000
000000000001100000000000000000
000000000000100000000000000000
000000000000100000000000000000
000000000000100000000000000000
000000000000100000000000000000
000000000000100000000000000000
000000000000100000000000000000
000000000000100000000000000000
000000000000100000000000000000
000000000000100000000000000000
000000000000100000000000000000
000000000001100000000000000000
000000000001100000001100000000
000000000001101111111100000000
000000000001111111111100000000
000000000001111000000000000000
000000000000000000000000000000
000000000000000000000000000000
000000000000000000000000000000
000000000000000000000000000000
000000000000000000000000000000
000000000000000000000000000000
