000000000000000000000000000000
000000000000000000000000000000
000000000000000000000000000000
000000000000000000000000000000
000000000000000000000000000000
000000000000000000000000000000
000000000000000000000000000000
000000000000000000000000000000
000000000000000000000000000000
000000000000001000000000000000
000000000000001100000000000000
000000000000001100000000000000
000000000000001100000000000000
000000000000001100000000000000
000000000000001100000000000000
000000000000001000000000000000
000000000000001000000000000000
000000000000001000000000000000
000000000000011000000000000000
000000000000011000000000000000
000000000000011110000000000000
000000000000111111110000000000
000000000001110011111000000000
000000000001100000010000000000
000000000000000000000000000000
000000000000000000000000000000
000000000000000000000000000000
000000000000000000000000000000
000000000000000000000000000000
000000000000000000000000000000
