000000000000000000000000000000
000000000000000000000000000000
000000000000000000000000000000
000000000000000000000000000000
000000000000000000000000000000
000000000000000000000000000000
000000000000000000000000000000
000000000000000000000000000000
000000000000000000000000000000
000000000001100000000000000000
000000000001100000000000000000
000000000001100000000000000000
000000000001100000000000000000
000000000001100000000000000000
000000000001100000000000000000
000000000001100000000000000000
000000000001100000000000000000
000000000001100000000000000000
000000000001000001000000000000
000000000001000111000000000000
000000000001111111000000000000
000000000001111100000000000000
000000000001100000000000000000
000000000000000000000000000000
000000000000000000000000000000
000000000000000000000000000000
000000000000000000000000000000
000000000000000000000000000000
000000000000000000000000000000
000000000000000000000000000000
