000000000000000000000000000000
000000000000000000000000000000
000000000000000000000000000000
000000000000000000000000000000
000000000000000000000000000000
000000000000000000000000000000
000000000000000000000000000000
000000000000000000000000000000
000000000000001100000000000000
000000000000001100000000000000
000000000000001100000000000000
000000000000000100000000000000
000000000000000100000000000000
000000000000000110000000000000
000000000000000110000000000000
000000000000000110000000000000
000000000000000110000000000000
000000000000000010001100000000
000000000000000010111100000000
000000000000000011111000000000
000000000000000011100000000000
000000000000000011000000000000
000000000000000000000000000000
000000000000000000000000000000
000000000000000000000000000000
000000000000000000000000000000
000000000000000000000000000000
000000000000000000000000000000
000000000000000000000000000000
000000000000000000000000000000
