000000000000000000000000000000
000000000000000000000000000000
000000000000000000000000000000
000000000000000000000000000000
000000000000000000000000000000
000000000000000000000000000000
000000000000000000000000000000
000000000000000100000000000000
000000000000000100000000000000
000000000000001100000000000000
000000000000001100000000000000
000000000000001100000000000000
000000000000001100000000000000
000000000000001100000000000000
000000000000001100000000000000
000000000000001100000000000000
000000000000001100000000000000
000000000000001100000000000000
000000000000001100000000000000
000000000000001000000000000000
000000000000001000000000000000
000000000000001000000000000000
000000000000011000000000000000
000000000000001001111100000000
000000000000001111111000000000
000000000000000111000000000000
000000000000000000000000000000
000000000000000000000000000000
000000000000000000000000000000
000000000000000000000000000000
