000000000000000000000000000000
000000000000000000000000000000
000000000000000000000000000000
000000000000000000000000000000
000000000000000000000000000000
000000000000000000000000000000
000000000010000000000000000000
000000000010000000000000000000
000000000010000000000000000000
000000000010000000000000000000
000000000010000000000000000000
000000000010000000000000000000
000000000010000000000000000000
000000000110000000000000000000
000000000110000000000000000000
000000000110000000000000000000
000000000110000000000000000000
000000000110000000000000000000
000000000100000000111000000000
000000001100001111111000000000
000000001101111111100000000000
000000001111111000000000000000
000000001111000000000000000000
000000000000000000000000000000
000000000000000000000000000000
000000000000000000000000000000
000000000000000000000000000000
000000000000000000000000000000
000000000000000000000000000000
000000000000000000000000000000
