000000000000000000000000000000
000000000000000000000000000000
000000000000000000000000000000
000000000000000000000000000000
000000000000000000000000000000
000000000001000000000000000000
000000000001000000000000000000
000000000001000000000000000000
000000000001000000000000000000
000000000001000000000000000000
000000000001000000000000000000
000000000001000000000000000000
000000000001000000000000000000
000000000001000000000000000000
000000000001000000000000000000
000000000001000000000000000000
000000000001000000000000000000
000000000001000000000000000000
000000000011000000000000000000
000000000011000000000000000000
000000000011000000000000000000
000000000011000000000000000000
000000000011001111111100000000
000000000011111111111100000000
000000000011111000000000000000
000000000001000000000000000000
000000000000000000000000000000
000000000000000000000000000000
000000000000000000000000000000
000000000000000000000000000000
