000000000000000000000000000000
000000000000000000000000000000
000000000000000000000000000000
000000000000000000000000000000
000000000000000000000000000000
000000000000000000000000000000
000000000000000000000000000000
000000000001100000000000000000
000000000001100000000000000000
000000000001100000000000000000
000000000001100000000000000000
000000000001100000000000000000
000000000001100000000000000000
000000000001100000000000000000
000000000001100000000000000000
000000000001100000000000000000
000000000001100000000000000000
000000000001100000000000000000
000000000001100000000000000000
000000000001000000000000000000
000000000001000000000000000000
000000000011000000011100000000
000000000011111111111110000000
000000000001111111111110000000
000000000000000000000000000000
000000000000000000000000000000
000000000000000000000000000000
000000000000000000000000000000
000000000000000000000000000000
000000000000000000000000000000
