000000000000000000000000000000
000000000000000000000000000000
000000000000000000000000000000
000000000000000000000000000000
000000000000000000000000000000
000000000000000000000000000000
000000000000000000000000000000
000000000110000000000000000000
000000000110000000000000000000
000000000110000000000000000000
000000000100000000000000000000
000000000100000000000000000000
000000000100000000000000000000
000000000100000000000000000000
000000000100000000000000000000
000000000100000000000000000000
000000000100000000000000000000
000000000100000000000000000000
000000001100000000000000000000
000000001100000000000000000000
000000001100000111000000000000
000000001111111111000000000000
000000001111111100000000000000
000000001100000000000000000000
000000000000000000000000000000
000000000000000000000000000000
000000000000000000000000000000
000000000000000000000000000000
000000000000000000000000000000
000000000000000000000000000000
