000000000000000000000000000000
000000000000000000000000000000
000000000000000000000000000000
000000000000000000000000000000
000000000000000000000000000000
000000000000000000000000000000
000000000000000000000000000000
000000000000000000000000000000
000000000000000000000000000000
000000000000100000000000000000
000000000000100000000000000000
000000000000100000000000000000
000000000000100000000000000000
000000000000100000000000000000
000000000000100000000000000000
000000000000100000000000000000
000000000000100000000000000000
000000000000100000000000000000
000000000001100000000000000000
000000000001100011000000000000
000000000001101111000000000000
000000000001111110000000000000
000000000001110000000000000000
000000000001100000000000000000
000000000000000000000000000000
000000000000000000000000000000
000000000000000000000000000000
000000000000000000000000000000
000000000000000000000000000000
000000000000000000000000000000
