000000000000000000000000000000
000000000000000000000000000000
000000000000000000000000000000
000000000000000000000000000000
000000000000000000000000000000
000000000000000000000000000000
000000000110000000000000000000
000000000110000000000000000000
000000000110000000000000000000
000000000100000000000000000000
000000000100000000000000000000
000000001100000000000000000000
000000001100000000000000000000
000000001100000000000000000000
000000001100000000000000000000
000000001100000000000000000000
000000001100000000000000000000
000000001100000000000000000000
000000001000000000000000000000
000000001000000000000000000000
000000001000000000000000000000
000000001000000000000000000000
000000011000000000000000000000
000000011000000000000000000000
000000011000111111100000000000
000000001111111111100000000000
000000001111100000000000000000
000000000000000000000000000000
000000000000000000000000000000
000000000000000000000000000000
