000000000000000000000000000000
000000000000000000000000000000
000000000000000000000000000000
000000000000000000000000000000
000000000000000000000000000000
000000000000011110000000000000
000000000000111111000000000000
000000000001111111000000000000
000000000001110011000000000000
000000000011100000000000000000
000000000011000000000000000000
000000000111000000000000000000
000000000110000000000000000000
000000000110111000000000000000
000000000110111111000000000000
000000000110111111000000000000
000000000110001111100000000000
000000000110001111100000000000
000000000110001111000000000000
000000000111001111000000000000
000000000011101111000000000000
000000000011111111000000000000
000000000001111100000000000000
000000000000010000000000000000
000000000000000000000000000000
000000000000000000000000000000
000000000000000000000000000000
000000000000000000000000000000
000000000000000000000000000000
000000000000000000000000000000
