000000000000000000000000000000
000000000000000000000000000000
000000000000000000000000000000
000000000000000000000000000000
000000000000000000000000000000
000000000000000000000000000000
000000000000000000000000000000
000000000000000000000000000000
000000000000000000000000000000
000000000000000000000000000000
000000000100000000000000000000
000000001100000000000000000000
000000011100000000000000000000
000000011000000000000000000000
000000010000000000000000000000
000000110000000000000000000000
000000110000000000000000000000
000000110111110000000000000000
000000110111110000000000000000
000000110001100000000000000000
000000111011100000000000000000
000000011111000000000000000000
000000001110000000000000000000
000000000000000000000000000000
000000000000000000000000000000
000000000000000000000000000000
000000000000000000000000000000
000000000000000000000000000000
000000000000000000000000000000
000000000000000000000000000000
