000000000000000000000000000000
000000000000000000000000000000
000000000000000000000000000000
000000000000000000000000000000
000000000000000000000000000000
000000000000000000000000000000
000000000000000000000000000000
000000000000011111000000000000
000000000000111111100000000000
000000000001110001100000000000
000000000011000000000000000000
000000000110000000000000000000
000000000110000000000000000000
000000000110000000011000000000
000000000100011111111100000000
000000001100011111111100000000
000000001100001110001000000000
000000000100000011011000000000
000000000110000011011000000000
000000000110000001011000000000
000000000011000111011000000000
000000000011111110011000000000
000000000000111100001000000000
000000000000000000000000000000
000000000000000000000000000000
000000000000000000000000000000
000000000000000000000000000000
000000000000000000000000000000
000000000000000000000000000000
000000000000000000000000000000
