000000000000000000000000000000
000000000000000000000000000000
000000000000000000000000000000
000000000000000000000000000000
000000000000000000000000000000
000000000000000000000000000000
000000000000000000000000000000
000000000000000000000000000000
000000000000000000000000000000
000000000001100000000000000000
000000000011110000000000000000
000000000111100000000000000000
000000000110000000000000000000
000000000100000000000000000000
000000000100111000000000000000
000000000100111100000000000000
000000000100111000000000000000
000000000110111000000000000000
000000000111110000000000000000
000000000011110000000000000000
000000000000110000000000000000
000000000000010000000000000000
000000000000000000000000000000
000000000000000000000000000000
000000000000000000000000000000
000000000000000000000000000000
000000000000000000000000000000
000000000000000000000000000000
000000000000000000000000000000
000000000000000000000000000000
