000000000000000000000000000000
000000000000000000000000000000
000000000000000000000000000000
000000000000000000000000000000
000000000000000000000000000000
000000000000000000000000000000
000000000000011110000000000000
000000000000111100000000000000
000000000001110000000000000000
000000000011100000000000000000
000000000111000000000000000000
000000001110000000000000000000
000000001100000000000000000000
000000011000000000000000000000
000000011000000000000000000000
000000110000000000000000000000
000000110000000000000000000000
000000110000111100000000000000
000000100001111111100000000000
000000100000000111110000000000
000000110000000000111000000000
000000110000000000011000000000
000000011000000000111000000000
000000011111011111110000000000
000000001111111111000000000000
000000000011111000000000000000
000000000000000000000000000000
000000000000000000000000000000
000000000000000000000000000000
000000000000000000000000000000
