000000000000000000000000000000
000000000000000000000000000000
000000000000000000000000000000
000000000000000000000000000000
000000000000000000000000000000
000000000000100000000000000000
000000000001111000000000000000
000000000011111000000000000000
000000000011011000000000000000
000000000110011000000000000000
000000000110011000000000000000
000000000110000000000000000000
000000000100000000000000000000
000000000100000000000000000000
000000000100001111000000000000
000000000100001111000000000000
000000000100001110000000000000
000000000110000110000000000000
000000000110000100000000000000
000000000110000100000000000000
000000000110001100000000000000
000000000011011100000000000000
000000000011111000000000000000
000000000001110000000000000000
000000000000000000000000000000
000000000000000000000000000000
000000000000000000000000000000
000000000000000000000000000000
000000000000000000000000000000
000000000000000000000000000000
