000000000000000000000000000000
000000000000000000000000000000
000000000000000000000000000000
000000000000000000000000000000
000000000000000000000000000000
000000000000000000000000000000
000000000000000000000000000000
000000000000110000000000000000
000000000001111000000000000000
000000000011111000000000000000
000000000011011000000000000000
000000000110000000000000000000
000000000110000000000000000000
000000000110000000000000000000
000000000110011110000000000000
000000000110011110000000000000
000000000110011110000000000000
000000000110001110000000000000
000000000011001110000000000000
000000000011111110000000000000
000000000001111010000000000000
000000000000000000000000000000
000000000000000000000000000000
000000000000000000000000000000
000000000000000000000000000000
000000000000000000000000000000
000000000000000000000000000000
000000000000000000000000000000
000000000000000000000000000000
000000000000000000000000000000
