000000000000000000000000000000
000000000000000000000000000000
000000000000000000000000000000
000000000000000000000000000000
000000000000000000000000000000
000000000000000000000000000000
000000000000000000000000000000
000000000000000000000000000000
000000000000011100000000000000
000000000000011110000000000000
000000000000110110000000000000
000000000001100000000000000000
000000000001100000000000000000
000000000001100000000000000000
000000000001000000000000000000
000000000011000000000000000000
000000000011001111000000000000
000000000011011111000000000000
000000000001011100000000000000
000000000001111100000000000000
000000000001111000000000000000
000000000000111000000000000000
000000000000001000000000000000
000000000000001000000000000000
000000000000011000000000000000
000000000000011000000000000000
000000000000000000000000000000
000000000000000000000000000000
000000000000000000000000000000
000000000000000000000000000000
