000000000000000000000000000000
000000000000000000000000000000
000000000000000000000000000000
000000000000000000000000000000
000000000000000000000000000000
000000000000000000000000000000
000000000000000000000000000000
000000000000011100000000000000
000000000000111110000000000000
000000000001110110000000000000
000000000011000010000000000000
000000000011000000000000000000
000000000110000000000000000000
000000000110000000000000000000
000000000110001111110000000000
000000000100011111110000000000
000000000100000111110000000000
000000000110000011110000000000
000000000110000011110000000000
000000000110000011110000000000
000000000011000111110000000000
000000000011111110110000000000
000000000000111100000000000000
000000000000000000000000000000
000000000000000000000000000000
000000000000000000000000000000
000000000000000000000000000000
000000000000000000000000000000
000000000000000000000000000000
000000000000000000000000000000
