000000000000000000000000000000
000000000000000000000000000000
000000000000000000000000000000
000000000000000000000000000000
000000000000000000000000000000
000000000000000000000000000000
000000000000000000000000000000
000000000000000000000000000000
000000000000000000000000000000
000000000000011110000000000000
000000000000111110000000000000
000000000001110000000000000000
000000000001100000000000000000
000000000011000000000000000000
000000000011000000000000000000
000000000011000011100000000000
000000000011001111100000000000
000000000011001101100000000000
000000000011000001100000000000
000000000001100001100000000000
000000000001100001100000000000
000000000000111001100000000000
000000000000011111000000000000
000000000000001110000000000000
000000000000000000000000000000
000000000000000000000000000000
000000000000000000000000000000
000000000000000000000000000000
000000000000000000000000000000
000000000000000000000000000000
