000000000000000000000000000000
000000000000000000000000000000
000000000000000000000000000000
000000000000000000000000000000
000000000000000000000000000000
000000000000000000000000000000
000000000000000000000000000000
000000000000011100000000000000
000000000000111100000000000000
000000000001111110000000000000
000000000011100100000000000000
000000000011000000000000000000
000000000111000000000000000000
000000000110000000000000000000
000000000110011110000000000000
000000000110111111000000000000
000000000110111111000000000000
000000000110010011000000000000
000000000110000011000000000000
000000000111000011000000000000
000000000011000111000000000000
000000000011111110000000000000
000000000001111110000000000000
000000000000111000000000000000
000000000000000000000000000000
000000000000000000000000000000
000000000000000000000000000000
000000000000000000000000000000
000000000000000000000000000000
000000000000000000000000000000
