000000000000000000000000000000
000000000000000000000000000000
000000000000000000000000000000
000000000000000000000000000000
000000000000000000000000000000
000000000000000000000000000000
000000000000011100000000000000
000000000000111110000000000000
000000000001110110000000000000
000000000011000010000000000000
000000000110000000000000000000
000000000110000000000000000000
000000000100000000000000000000
000000001100000000000000000000
000000001100011111100000000000
000000001100011111100000000000
000000001100001111100000000000
000000001100000001100000000000
000000001100000011100000000000
000000001100000011100000000000
000000000110000011100000000000
000000000111000111100000000000
000000000011111111100000000000
000000000001111001100000000000
000000000000000001000000000000
000000000000000000000000000000
000000000000000000000000000000
000000000000000000000000000000
000000000000000000000000000000
000000000000000000000000000000
