000000000000000000000000000000
000000000000000000000000000000
000000000000000000000000000000
000000000000000000000000000000
000000000000000000000000000000
000000000000000000000000000000
000000000000000000000000000000
000000000000110000000000000000
000000000011111000000000000000
000000000111111000000000000000
000000001110000000000000000000
000000001100000000000000000000
000000011000000000000000000000
000000011000000000000000000000
000000010001111111000000000000
000000110011111111000000000000
000000110000111011000000000000
000000110000011010000000000000
000000110000011010000000000000
000000110000110110000000000000
000000110001110110000000000000
000000011111100000000000000000
000000011111000000000000000000
000000000000000000000000000000
000000000000000000000000000000
000000000000000000000000000000
000000000000000000000000000000
000000000000000000000000000000
000000000000000000000000000000
000000000000000000000000000000
