000000000000000000000000000000
000000000000000000000000000000
000000000000000000000000000000
000000000000000000000000000000
000000000000000000000000000000
000000000000000000000000000000
000000000000000000000000000000
000000000000011110000000000000
000000000001111111000000000000
000000000011110010000000000000
000000000111000000000000000000
000000000110000000000000000000
000000001100000000000000000000
000000001100000000000000000000
000000001100000000000000000000
000000001000000000000000000000
000000001000011111110000000000
000000001000011111110000000000
000000001100000011000000000000
000000001100000011000000000000
000000001110000111000000000000
000000000111111110000000000000
000000000011111100000000000000
000000000000110000000000000000
000000000000000000000000000000
000000000000000000000000000000
000000000000000000000000000000
000000000000000000000000000000
000000000000000000000000000000
000000000000000000000000000000
