000000000000000000000000000000
000000000000000000000000000000
000000000000000000000000000000
000000000000000000000000000000
000000000000000000000000000000
000000000000000000000000000000
000000000000001111000000000000
000000000000011110000000000000
000000000000110000000000000000
000000000001110000000000000000
000000000001100000000000000000
000000000001100011110000000000
000000000001001111110000000000
000000000011001110110000000000
000000000011001100110000000000
000000000011000100110000000000
000000000011000100110000000000
000000000001001100110000000000
000000000001111100100000000000
000000000000111000100000000000
000000000000000001100000000000
000000000000000000100000000000
000000000000000000000000000000
000000000000000000000000000000
000000000000000000000000000000
000000000000000000000000000000
000000000000000000000000000000
000000000000000000000000000000
000000000000000000000000000000
000000000000000000000000000000
