000000000000000000000000000000
000000000000000000000000000000
000000000000000000000000000000
000000000000000000000000000000
000000000000000000000000000000
000000000000001111000000000000
000000000000011111100000000000
000000000000111000110000000000
000000000001110000110000000000
000000000001100000000000000000
000000000011000000000000000000
000000000011000000000000000000
000000000011000000000000000000
000000000010000001111000000000
000000000010000111111100000000
000000000010000011111100000000
000000000010000000111100000000
000000000010000000011100000000
000000000011000000111000000000
000000000011100001111000000000
000000000001111111101000000000
000000000000111111001000000000
000000000000000000001000000000
000000000000000000001000000000
000000000000000000000000000000
000000000000000000000000000000
000000000000000000000000000000
000000000000000000000000000000
000000000000000000000000000000
000000000000000000000000000000
