000000000000000000000000000000
000000000000000000000000000000
000000000000000000000000000000
000000000000000000000000000000
000000000000000000000000000000
000000000000000000000000000000
000000000000011100000000000000
000000000000111110000000000000
000000000001110110000000000000
000000000011000000000000000000
000000000110000000000000000000
000000000110000000000000000000
000000000110011111100000000000
000000000100011111110000000000
000000000100011110110000000000
000000000100000111100000000000
000000000110000111100000000000
000000000110001111100000000000
000000000011111100000000000000
000000000001111000000000000000
000000000000000000000000000000
000000000000000000000000000000
000000000000000000000000000000
000000000000000000000000000000
000000000000000000000000000000
000000000000000000000000000000
000000000000000000000000000000
000000000000000000000000000000
000000000000000000000000000000
000000000000000000000000000000
