000000000000000000000000000000
000000000000000000000000000000
000000000000000000000000000000
000000000000000000000000000000
000000000000000000000000000000
000000000000000000000000000000
000000000000000000000000000000
000000000000000000000000000000
000000000000000000000000000000
000000000000111100000000000000
000000000001111100000000000000
000000000001100100000000000000
000000000011000000000000000000
000000000011000000000000000000
000000000110000000000000000000
000000000110000000000000000000
000000000110011111110000000000
000000000110011111110000000000
000000000110001110010000000000
000000000010000010010000000000
000000000011000011010000000000
000000000011100110010000000000
000000000001111110010000000000
000000000000111100010000000000
000000000000000000000000000000
000000000000000000000000000000
000000000000000000000000000000
000000000000000000000000000000
000000000000000000000000000000
000000000000000000000000000000
