000000000000000000000000000000
000000000000000000000000000000
000000000000000000000000000000
000000000000000000000000000000
000000000000000000000000000000
000000000000000000000000000000
000000000000000000000000000000
000000000000001110000000000000
000000000000011110000000000000
000000000000111000000000000000
000000000001100000000000000000
000000000011000000000000000000
000000000011000000000000000000
000000000110000111000000000000
000000000110011111000000000000
000000000110011111000000000000
000000000100001111000000000000
000000000100000111000000000000
000000000110001111000000000000
000000000110011101000000000000
000000000011111001000000000000
000000000001110001100000000000
000000000000000001000000000000
000000000000000000000000000000
000000000000000000000000000000
000000000000000000000000000000
000000000000000000000000000000
000000000000000000000000000000
000000000000000000000000000000
000000000000000000000000000000
