000000000000000000000000000000
000000000000000000000000000000
000000000000000000000000000000
000000000000000000000000000000
000000000000000000000000000000
000000000000000000000000000000
000000000000000000000000000000
000000000000001111100000000000
000000000000011111110000000000
000000000000111000011000000000
000000000001100000000000000000
000000000001100000000000000000
000000000011000000000000000000
000000000011000000000000000000
000000000010000000000000000000
000000000010001111111000000000
000000000010001111111000000000
000000000011000001111000000000
000000000011000001111000000000
000000000001111111111000000000
000000000001111111011000000000
000000000000001100011000000000
000000000000000000010000000000
000000000000000000000000000000
000000000000000000000000000000
000000000000000000000000000000
000000000000000000000000000000
000000000000000000000000000000
000000000000000000000000000000
000000000000000000000000000000
