000000000000000000000000000000
000000000000000000000000000000
000000000000000000000000000000
000000000000000000000000000000
000000000000000000000000000000
000000000000000110000000000000
000000000000011111000000000000
000000000000111110000000000000
000000000001110000000000000000
000000000001100000000000000000
000000000011000000000000000000
000000000011000000000000000000
000000000110000000000000000000
000000000110000000000000000000
000000000100000000000000000000
000000001100000001111100000000
000000001100011111111000000000
000000001100111111000000000000
000000001100011110000000000000
000000001100000111000000000000
000000000100000011000000000000
000000000100000011000000000000
000000000110000011000000000000
000000000110000011000000000000
000000000011000111000000000000
000000000011111110000000000000
000000000001111100000000000000
000000000000000000000000000000
000000000000000000000000000000
000000000000000000000000000000
