000000000000000000000000000000
000000000000000000000000000000
000000000000000000000000000000
000000000000000000000000000000
000000000000000000000000000000
000000000000000000000000000000
000000000000000000000000000000
000000000000011100000000000000
000000000000111110000000000000
000000000001110011000000000000
000000000011000010000000000000
000000000011000000000000000000
000000000110000000000000000000
000000000110000000000000000000
000000000110001110000000000000
000000000110001111000000000000
000000000110001110000000000000
000000000010000010000000000000
000000000011000010000000000000
000000000011100011000000000000
000000000001111111000000000000
000000000000111111000000000000
000000000000000010000000000000
000000000000000000000000000000
000000000000000000000000000000
000000000000000000000000000000
000000000000000000000000000000
000000000000000000000000000000
000000000000000000000000000000
000000000000000000000000000000
