000000000000000000000000000000
000000000000000000000000000000
000000000000000000000000000000
000000000000000000000000000000
000000000000000000000000000000
000000000000000000000000000000
000000000000000000000000000000
000000000000000000000000000000
000000000000000000000000000000
000000000000001110000000000000
000000000000011110000000000000
000000000000011010000000000000
000000000000110000000000000000
000000000000110000000000000000
000000000000110011000000000000
000000000000111111000000000000
000000000000111111000000000000
000000000000110011000000000000
000000000000111011000000000000
000000000000011111000000000000
000000000000001111000000000000
000000000000000011000000000000
000000000000000011000000000000
000000000000000000000000000000
000000000000000000000000000000
000000000000000000000000000000
000000000000000000000000000000
000000000000000000000000000000
000000000000000000000000000000
000000000000000000000000000000
