000000000000000000000000000000
000000000000000000000000000000
000000000000000000000000000000
000000000000000000000000000000
000000000000000000000000000000
000000000000000000000000000000
000000000000000000000000000000
000000000000000000000000000000
000000000000000000000000000000
000000000000011100000000000000
000000000000111111000000000000
000000000000110011000000000000
000000000001100000000000000000
000000000001100000000000000000
000000000001000000000000000000
000000000011000000000000000000
000000000011001111000000000000
000000000011001111000000000000
000000000011000011000000000000
000000000011000011000000000000
000000000001000111000000000000
000000000001111111000000000000
000000000000111111000000000000
000000000000011001000000000000
000000000000000001000000000000
000000000000000001000000000000
000000000000000000000000000000
000000000000000000000000000000
000000000000000000000000000000
000000000000000000000000000000
