000000000000000000000000000000
000000000000000000000000000000
000000000000000000000000000000
000000000000000000000000000000
000000000000000000000000000000
000000000000000000000000000000
000000000000000000000000000000
000000000000000000000000000000
000000000000000000000000000000
000000000000011100000000000000
000000000001111100000000000000
000000000001100000000000000000
000000000011000000000000000000
000000000010000000000000000000
000000000110000000000000000000
000000000110000111000000000000
000000000110011111000000000000
000000000100111111000000000000
000000000110000011000000000000
000000000110000111000000000000
000000000110001111000000000000
000000000011111111000000000000
000000000001111011000000000000
000000000000000000000000000000
000000000000000000000000000000
000000000000000000000000000000
000000000000000000000000000000
000000000000000000000000000000
000000000000000000000000000000
000000000000000000000000000000
