000000000000000000000000000000
000000000000000000000000000000
000000000000000000000000000000
000000000000000000000000000000
000000000000000000000000000000
000000000000000000000000000000
000000000000000000000000000000
000000000000000000000000000000
000000000000011100000000000000
000000000000111110000000000000
000000000001110110000000000000
000000000001100010000000000000
000000000011000000000000000000
000000000011000000000000000000
000000000011001111000000000000
000000000011001111000000000000
000000000011001101100000000000
000000000001101101100000000000
000000000001111101000000000000
000000000000011001000000000000
000000000000000000000000000000
000000000000000000000000000000
000000000000000000000000000000
000000000000000000000000000000
000000000000000000000000000000
000000000000000000000000000000
000000000000000000000000000000
000000000000000000000000000000
000000000000000000000000000000
000000000000000000000000000000
