000000000000000000000000000000
000000000000000000000000000000
000000000000000000000000000000
000000000000000000000000000000
000000000000000000000000000000
000000000000000000000000000000
000000000000000000000000000000
000000000000000000000000000000
000000000000001111000000000000
000000000000011110000000000000
000000000000111000000000000000
000000000000110000000000000000
000000000001100000100000000000
000000000001101111110000000000
000000000001001111100000000000
000000000001001101100000000000
000000000001001101100000000000
000000000001000101100000000000
000000000001101101100000000000
000000000001111101100000000000
000000000000111001000000000000
000000000000000001000000000000
000000000000000000000000000000
000000000000000000000000000000
000000000000000000000000000000
000000000000000000000000000000
000000000000000000000000000000
000000000000000000000000000000
000000000000000000000000000000
000000000000000000000000000000
