000000000000000000000000000000
000000000000000000000000000000
000000000000000000000000000000
000000000000000000000000000000
000000000000000000000000000000
000000000000000000000000000000
000000000000000001000000000000
000000000000000111100000000000
000000000000001111110000000000
000000000000011000110000000000
000000000000110000000000000000
000000000001100000000000000000
000000000001100000000000000000
000000000011000000000000000000
000000000011000000000000000000
000000000011011111000000000000
000000000010111111100000000000
000000000010111111100000000000
000000000110000001100000000000
000000000110000001100000000000
000000000010000011100000000000
000000000010000011100000000000
000000000011000011100000000000
000000000011111111000000000000
000000000001111111000000000000
000000000000011010000000000000
000000000000000000000000000000
000000000000000000000000000000
000000000000000000000000000000
000000000000000000000000000000
