000000000000000000000000000000
000000000000000000000000000000
000000000000000000000000000000
000000000000000000000000000000
000000000000000000000000000000
000000000000001000000000000000
000000000001111110000000000000
000000000011111111000000000000
000000000111000011000000000000
000000000110000001000000000000
000000000100000000000000000000
000000001100000000000000000000
000000001100001111100000000000
000000001100111111110000000000
000000001100011110110000000000
000000001100000110110000000000
000000000100000011110000000000
000000000110000011110000000000
000000000110000011110000000000
000000000011100111110000000000
000000000011111110000000000000
000000000000111100000000000000
000000000000000000000000000000
000000000000000000000000000000
000000000000000000000000000000
000000000000000000000000000000
000000000000000000000000000000
000000000000000000000000000000
000000000000000000000000000000
000000000000000000000000000000
