000000000000000000000000000000
000000000000000000000000000000
000000000000000000000000000000
000000000000000000000000000000
000000000000000000000000000000
000000000000000000000000000000
000000000000000100000000000000
000000000000011110000000000000
000000000000111100000000000000
000000000000110000000000000000
000000000001100000000000000000
000000000001100000000000000000
000000000011000011100000000000
000000000011000011110000000000
000000000011000110010000000000
000000000011000011010000000000
000000000001100011110000000000
000000000001100011110000000000
000000000000111111110000000000
000000000000111110110000000000
000000000000000000010000000000
000000000000000000000000000000
000000000000000000000000000000
000000000000000000000000000000
000000000000000000000000000000
000000000000000000000000000000
000000000000000000000000000000
000000000000000000000000000000
000000000000000000000000000000
000000000000000000000000000000
