000000000000000000000000000000
000000000000000000000000000000
000000000000000000000000000000
000000000000000000000000000000
000000000000000000000000000000
000000000000110000000000000000
000000000001111000000000000000
000000000011001000000000000000
000000000110000000000000000000
000000001100000000000000000000
000000001100000000000000000000
000000001000000000000000000000
000000011000100000000000000000
000000011011111100000000000000
000000011011111100000000000000
000000001111111110000000000000
000000001111110110000000000000
000000000011100110000000000000
000000000000000110000000000000
000000000000000110000000000000
000000000000001100000000000000
000000000000001100000000000000
000000000000011000000000000000
000000000000011000000000000000
000000000000110000000000000000
000000000000110000000000000000
000000000000000000000000000000
000000000000000000000000000000
000000000000000000000000000000
000000000000000000000000000000
