000000000000000000000000000000
000000000000000000000000000000
000000000000000000000000000000
000000000000000000000000000000
000000000000000000000000000000
000000000000000000000000000000
000000000000000000000000000000
000000000000000000000000000000
000000000000000000000000000000
000000000000000000000000000000
000000000000111000000000000000
000000000001111000000000000000
000000000001100000000000000000
000000000011000000000000000000
000000000011000000000000000000
000000000010000000000000000000
000000000110000001000000000000
000000000110011111100000000000
000000000110011111100000000000
000000000010001111100000000000
000000000010000111100000000000
000000000011000111100000000000
000000000011101101100000000000
000000000001111101100000000000
000000000000110001100000000000
000000000000000000000000000000
000000000000000000000000000000
000000000000000000000000000000
000000000000000000000000000000
000000000000000000000000000000
