000000000000000000000000000000
000000000000000000000000000000
000000000000000000000000000000
000000000000000000000000000000
000000000000000000000000000000
000000000000000000000000000000
000000000000011110000000000000
000000000001111110000000000000
000000000011110010000000000000
000000000011000011000000000000
000000000110000000000000000000
000000000100000000000000000000
000000001100000000000000000000
000000001100000000000000000000
000000001100000000100000000000
000000001100001111110000000000
000000001101111111110000000000
000000001100111110110000000000
000000000110000011100000000000
000000000110000011100000000000
000000000011000111100000000000
000000000011111110100000000000
000000000001111100100000000000
000000000000010000110000000000
000000000000000000110000000000
000000000000000000110000000000
000000000000000000100000000000
000000000000000000000000000000
000000000000000000000000000000
000000000000000000000000000000
