000000000000000000000000000000
000000000000000000000000000000
000000000000000000000000000000
000000000000000000000000000000
000000000000000000000000000000
000000000000000000000000000000
000000000000000000000000000000
000000000000000000000000000000
000000000001110000000000000000
000000000011110000000000000000
000000000111000000000000000000
000000000110000000000000000000
000000000100000000000000000000
000000001100000000000000000000
000000001100000000000000000000
000000001100000011100000000000
000000001000111111111000000000
000000001001111111111000000000
000000001001111100110000000000
000000001100000100110000000000
000000001100001101100000000000
000000001100011101100000000000
000000000111111001100000000000
000000000011110001100000000000
000000000000000001100000000000
000000000000000000000000000000
000000000000000000000000000000
000000000000000000000000000000
000000000000000000000000000000
000000000000000000000000000000
