000000000000000000000000000000
000000000000000000000000000000
000000000000000000000000000000
000000000000000000000000000000
000000000000000000000000000000
000000000000000000000000000000
000000000000111100000000000000
000000000011111110000000000000
000000000111000110000000000000
000000001110000000000000000000
000000001100000000000000000000
000000001000000000000000000000
000000011000000000000000000000
000000011000000000000000000000
000000011000000111110000000000
000000011000000111110000000000
000000011000000011110000000000
000000011000000001100000000000
000000001100000001100000000000
000000001110000011100000000000
000000000111111111000000000000
000000000011111111000000000000
000000000000011011000000000000
000000000000000011000000000000
000000000000000011000000000000
000000000000000011000000000000
000000000000000001000000000000
000000000000000001100000000000
000000000000000000000000000000
000000000000000000000000000000
