000000000000000000000000000000
000000000000000000000000000000
000000000000000000000000000000
000000000000000000000000000000
000000000000000000000000000000
000000000000000000000000000000
000000000000001111000000000000
000000000000111111110000000000
000000000001110000110000000000
000000000001100000000000000000
000000000011000000000000000000
000000000011000000000000000000
000000000011000000000000000000
000000000011000000000000000000
000000000010001111111000000000
000000000010011111111000000000
000000000011000001111000000000
000000000011000000110000000000
000000000011000001110000000000
000000000001100001110000000000
000000000001110111110000000000
000000000000111111100000000000
000000000000011100100000000000
000000000000000001100000000000
000000000000000001100000000000
000000000000000000000000000000
000000000000000000000000000000
000000000000000000000000000000
000000000000000000000000000000
000000000000000000000000000000
