000000000000000000000000000000
000000000000000000000000000000
000000000000000000000000000000
000000000000000000000000000000
000000000000000000000000000000
000000000000000000000000000000
000000000000000000000000000000
000000000000000000000000000000
000000000000000000000000000000
000000000000000111100000000000
000000000000000111110000000000
000000000000001100100000000000
000000000000001000000000000000
000000000000011001110000000000
000000000000011011111100000000
000000000000011011111100000000
000000000000001100111000000000
000000000000001110011000000000
000000000000000111111000000000
000000000000000001110000000000
000000000000000000000000000000
000000000000000000000000000000
000000000000000000000000000000
000000000000000000000000000000
000000000000000000000000000000
000000000000000000000000000000
000000000000000000000000000000
000000000000000000000000000000
000000000000000000000000000000
000000000000000000000000000000
