000000000000000000000000000000
000000000000000000000000000000
000000000000000000000000000000
000000000000000000000000000000
000000000000000000000000000000
000000000000000000000000000000
000000000000000000000000000000
000000000000000000000000000000
000000000000000000000000000000
000000000000000000000000000000
000000000000011100000000000000
000000000000111100000000000000
000000000001110000000000000000
000000000001100000000000000000
000000000001000000000000000000
000000000011001111000000000000
000000000011001111100000000000
000000000001000011100000000000
000000000001110111100000000000
000000000001111111100000000000
000000000000011001000000000000
000000000000000001000000000000
000000000000000000000000000000
000000000000000000000000000000
000000000000000000000000000000
000000000000000000000000000000
000000000000000000000000000000
000000000000000000000000000000
000000000000000000000000000000
000000000000000000000000000000
