000000000000000000000000000000
000000000000000000000000000000
000000000000000000000000000000
000000000000000000000000000000
000000000000000000000000000000
000000000000000000000000000000
000000000000001110000000000000
000000000000011110000000000000
000000000000111010000000000000
000000000001110000000000000000
000000000011100000000000000000
000000000011000000000000000000
000000000110000000000000000000
000000000110000000000000000000
000000000110000000000000000000
000000000100000000000000000000
000000001100000000000000000000
000000001100001111111100000000
000000001100001111111110000000
000000001100000000000110000000
000000001100000000000110000000
000000000100000000001100000000
000000000110000000011100000000
000000000110000000111000000000
000000000011111111110000000000
000000000001111111000000000000
000000000000011000000000000000
000000000000000000000000000000
000000000000000000000000000000
000000000000000000000000000000
